3411	3451	3651	3488	3830	3675	3557	3531	3738
10318	10543	28800	28908
2610	12921	12919	12922	12916	12910	12909
698	712	711	710	700	747	734	754	706	728	705
795	813	17540	812	818
21904	26516	12497	26465	21884	21903	21875	2890	26455	21864	26460
4040	4052	4054	4073	4082	4053	4177
6895	28177
18947	27970	27940	28004
15045	7726	15117	15107	15083	15121	15165	15053	15071	15099	15088
5388	5392	5424	5428	5532	5515	5559
6793	19965
1045	25630	25625	1175	25605
11298	11305	11317	11320
21534	19141	23598	23595	23597	23611	23599	23609	23613	23605	23614
856	10316
10513	2428
7725	17397	17404	17398
5009	5049	5115
883	9191	823
18704	23797
3100	20812
4866	4847	546
10457	9191
9595	17533	17459	17431	17521	17463	17482	17522	17523	17486	17495
16817	16842	16870	16869
8670	24224
862	4254
4485	14488	18926
21034	21109	21095	21127
2141	21864
27287	27497	27500	27580	27484
12634	12618
19183	21534	23603
28714	8835	28773	28751
4917	9191	2801	2809	2790	2841	15036	2832	5854	2787	2823
5613	5579	5582
8134	12863
18741	18774	2756	18847	18771
8678	14066	14022	14054	13959	14051	13991
19966	20950	20998	20954	20973	20997	20981	20947	21008	20996	20977
4847	27379	4859	4868
13111	13162	13165	13179	13180	8011
7754	19794	19752	19777	19769	19770	19771	19751
11300	14723	14672
2598	11949	11911	11906	11925	11989	11960	11944	11889	11921	11984
11566	14068
8259	8263	8232
6912	6933	7022	6915	6956	6916	6929	7023	6966	7012
6309	6605	6380	6727	6583
8324	8387	8380
10102	10294	10256	10198	10267	10290	10223
1041	10623
19635	21755
2530	2428	2432	1924	29
10321	28091	28103	28090	28089	28102	28100	28099
13506	19323	19406	19329	19347	19371	19339	19384	19309	19453	19518
19821	19866	19860	19854	19840	19899	19833	19889	19850	19843	19823
3338	20445	20455
4249	5980	5985	5984	6020	5986	6011
12618	12628	12639
3305	3331
8232	8238	8273	8283	8258	8250	8237	8244	8253	8297
18514	18525	18532	18515	18560	18576	18516	18593	18529	18523	18595
12540	12615	12557
5983	7995	8885	8910
4695	4789	4736
10316	10298	4254	822	11698	24279
17141	17256	17210	17222	17192	17150	17249	17248	17238	17178	17287
4908	4943	4904	16782	16752	16732	4979	4920	2851
2797	2791	2783	27437	2809	27430	2820	18694	27451	2808	27422
29	10506	0	45	3244
8912	8913
19595	20929	20865	20921
30	2432
12651	12618
823	931	928	888	606	887	847
6923	6918
19122	19211	19166	19153	19149	19151	19169	19171	19132	19127	19129
21759	21764	21793	21794	21790
9615	22458	22561	22486	22537	22466	22488	22461	22582	22521	22540
2463	2424	992
18747	21818	21810
14977	2797
20812	20834
7089	3307	8817	3361	8884
5598	5599
4861	4847	546
9182	9776	9801	9745	9779	9773
4254	4899
7024	7035	7254	7257	7303	7072	7170	7131	7262	7251	7044
4845	4847	546
7769	9498	9444	9468	9475	9436
8115	8229	8123	8125	8166
4902	4972	4948
7905	7920	1279	7971	7917	7919
9181	4254
4877	4847	546
20247	22371
11265	23637	23683	23759	23648	23679	23754	23654	23751	23677	23738
2482	2424
25182	25267	25417	25382	25410	25345	25304	25309	25411	25342	25312
8266	8232
6000	14476
2262	5355	5354
920	823
10049	11875	11845	11825	11840	11847	11848
2428	19532	19564	1995	19547	10537	19556	19551	9195
8926	8938	9043
15914	8786
21489	21543
18703	4997	18733
4562	4647
2350	20021	20055	20015	20058	20073	20060	20057	20012	20051	20061
8717	8668
2882	2890	2904	2892	2938
7797	24907	24913	24803	24852	24802	24847
1924	26121	26158	26163	26157	26124	26135	26145	26149	26146	26156
18708	23569
15082	7797	15045
4323	4252
14476	6009	14493	8048	14500	7987	14533	5977	5976	14528
4219	10968	11218	11229	10859	11007	10890	11046
6799	22438	22437	9392	22434
7939	18334	18335	18342	18337
493	26606	26629	26581	26631	26651	2046
4253	88	13569	9288	23983	24005	23946	23949	6838	23992
1921	1936	1955
4950	4902	4908
8263	9950	9894	9954	9902	9935	8273	9901	8283	9898	8274
6928	6918
14659	21373	21365
2449	2428
10601	4110	4074	16677	16663	16624	10629	4180	4118	4166	4047
4796	25504
9515	9529	9531	9536	9520	9528	9524	9548	9519	9530	9522
9557	9614	9565	9616	9566	9609
2100	2118	2120	2126	2204	2203	2167	2207	2212	2129	2138
6888	18207	18213	18292	18256	18258	18253	18277	18291	18263	18208
546	4847	4859	4854	4873	4901	4882	4863	4897	4872
7705	7783
5824	4254	1924
4909	936	4961	22195	22272	22147	5860
27132	27170	27222	27165
8436	8446
25449	25480	25455	25460	25452
2432	9346	9287	9219	9371	9266	9375	2424	9292	9235	9207
8739	9515	7089	24768	24760	24720	24759	24779
21826	23283	23315	23265	23290	23245	23228
14770	14814	14828	14818	14793	14836	14788
14168	14277	14221	14274	14191	14200	14190	14204	14199	14269	14214
14068	8760	8835
4708	21701	21686
5599	5579
4585	4586	16097	16091	16082
7912	4485
1530	6895
13295	13335	13457
4252	4417	4312	4391	1948	4431	4332
4953	4909	4902
11306	16348	16338
10299	11352	11353	11364	11393	11330	11374	11363	11349	11379	11392
992	2424	5883	5881	5796	5838	5801
10298	10442	10449	10403	10341
8668	3307	8752	3360	18445	18477	18492	18418	3358	18421	18458
19022	19065	19118	19078	19045	19060	19096	19112	19061	19079	19090
4216	4245
2257	2267
25160	2305	25175
1544	1530
9191	2817	8611	21149	13590	21148	10935	21175	21143	21157	16238
7946	18019	17920	17934
7091	22074	22088	22028	22021
10324	27128	27127
