6912	88	6929	6985	6998	6955	7005	6956	6933	7023	6966	6987	7001	6917	6915	7022	6916	6961	6971	7012	6972	6975	6938	6918	7010	7015
4866	4847	546
18947	27970	18941	28004	27971	18760	18774	27940	27956	27955	27997
7939	18334	7928	18358	18390	18373	18369	18335	18342	18389	18337	18366	18371	18399	7959	7945
1924	26146	26163	26158	26156	26124	26149	26145	26157	2451	4319	26135	26121	2459	2485	917	5595	26255	26261	6086	26278	26167	26111	26193
8324	8387	8380	8404	8368	8359
4485	4489	18919	4456	18954	18942	18939	18947	18963	18955	18968	18926	14564	14488	18940	18937	18932	18936	18943	18974	18962
6793	19976	2475	19980	19952	917	6699	19951	19975	823	19965	16269	19935	19948
3338	20516	20445	20455	20313
19595	20868	20870	20875	20921	20859	20929	1570	1533	20886	20922	1554	20895	20865
14476	14528	14580	6009	5980	14571	14535	14478	7987	14562	8048	14523	14549	5977	5976	14533	14500	14514	14498	14493
8717	7089	8668	3338
18703	18739	18727	18711	18740	18737	18732	18721	18733	18736	18738	18730	18719	6145	4997	18723	18715	18717	6805	11264
5009	5019	5049	5151	5136	5115	5126	5016	5029
1041	10601	10680	10621	10655	10657	10623	10594	1066	10664	10635	10652	10665	10605
20247	26733	13335	22371	26755
27287	27484	27500	27580	24095	27475	7027	27533	27527	27505	27497	27660	27512	27742	27639	27295
920	10299	823
7705	7775	7797	7750	7760	7756	7804	7807	7738	7783	7761	7711	7801	7795
795	812	822	813	806	818	808	17540	799	800	821	797	807
3100	11298	20812
4253	5829	88	23941	4698	2429	23946	23983	6838	23944	9288	1017	24034	23949	13569	16309	24039	925	23930	24027	23992	23970	24002	23968	23940	24005	24035	6970	23980	23956
11298	11316	11310	11323	11303	11320	11308	11317	11305	11301	11299
546	4847	4872	4854	4863	4852	4896	4883	4901	4859	4897	4880	4864	562	4884	4882	4873
11300	11316	8127	14677	14723	14672	11303	14734	14678	14688
6309	6583	6605	6519	6380	6548	6463	6727	6573	6653
8232	8303	8253	8242	8237	8244	8250	8249	8307	8300	8268	8277	8269	8246	8255	8297	8261	8283	8290	8238	8308	8284	8254	8273	8287	8258	7266	8316	8295
11306	10935	14684	2523	16364	11316	16319	8589	2542	16322	16307	16348	16331	16366	16344	16338	16351
21034	21095	21127	21109	21042	21047	21043	21069
9515	9520	9553	9522	9528	9529	9535	9519	9524	9538	9536	9534	9531	9548	9530
4908	16736	4909	16770	16773	16763	16751	4920	16782	16771	2851	16759	16784	16767	16750	16728	16760	16752	4957	16732	4943	4941	4979	4904	4922	4995	4921	4961
16817	16869	16842	16870
2482	2424	2432
19122	19211	19191	19127	19149	19153	19156	19166	19181	19204	19130	19171	19184	19185	19132	19128	19147	19187	19177	19189	19146	19129	19151	19169	19215
2610	12909	12919	12922	2596	12923	12921	12912	12916	12914	12910	12908	12918	12915	2611
7091	22028	22013	22074	21987	22088	12939	22021	7398
18741	18872	4460	18947	18782	18767	18847	18887	2756	18774	18889	18766	18878	18873	18777	18771	18840	18862
4917	5829	2801	2832	2790	9191	15007	4902	4965	14989	13590	14981	14965	15020	4948	14979	2799	2787	2809	2841	15031	5854	2818	15038	14970	2823	10318	15025	15017	15036
698	711	735	780	779	700	713	736	734	728	761	712	707	783	706	747	753	730	724	754	745	759	710	705	770	778	792	793
10299	11330	11352	11341	11363	11381	11353	11364	11374	11391	11397	11379	11384	11349	11396	11348	11394	11389	11336	11393	11380	11373	11392	11386	11357	11334	11350	11355	11372	11344
18747	21810	21818	21807	21799	21808	21811	21806	18356	21817	18359	21815	21798
4796	25504	25519
2882	3010	2890	2925	2892	2916	3000	2938	2897	2888	3009	3021	3015	2950	2985	2902	3012	2994	3029	3022	2904	2945	3025	2971	3020
13506	19501	19426	19323	13597	19309	19342	19339	19400	19335	14701	19360	19371	14726	19518	19473	19496	19467	19347	19499	19480	19001	876	19453	19329	19384	19406	19458	16377	5830	19404
8134	12778	12819	12787	8214	12845	12818	12805	12806	12759	12886	12863	12789	12826	12849	12883	12856	12812
4040	4208	4204	4073	4052	4110	4177	4045	4053	4133	4180	4126	4054	4178	4157	4131	4139	4082	4096
12618	12628	12642	12641	12643	7533	7519	12639	12621
7754	19771	19769	19794	19751	19777	9426	19770	19772	19753	19752	19807	19760	19789	19803	19754	19812	19783	19813
8266	8263	8232
20812	20814	20817	20834	20833
10316	822	4254	10298	4872	24279	11811	24287	4871	11760	24276	4886	24274	24269	11725	24272	24271	24280	11698	2065	24281	24278	11626	11680	11759	11691
19022	19060	19090	19061	19078	19079	19112	19096	19065	19048	19119	19045	19115	19047	19118	19024	19070	19097	19121	19057	19086	19095
2257	2322	2267
18514	18580	18529	18525	18576	18593	18515	18533	18560	18516	18532	18546	18595	18527	18523	18588	8670	18545	18591	18557	18582	18520	18577	18590	18563
4562	4598	4669	4647	4575
3411	3830	3812	3460	3557	3738	3651	3488	3639	3887	3675	3769	3613	3451	3626	3423	3531	3546	3770
4695	4698	4756	4771	4736	4739	4831	4728	4768	4737	4709	4789	4791	4772	4748
14168	14302	14210	14191	14294	14200	14199	14299	14285	14303	14249	14274	14204	14214	14221	14277	14291	14181	14295	14289	14260	14190	14269	14171
856	10321	10316	8538	823
862	4254	9182	6793	4253
9182	9776	9752	9745	9783	6795	9774	2475	10298	9773	9779	3155	9753	6359	1981	9289	9801
25182	25304	25417	25410	25244	25382	25280	25309	25342	25267	25411	25312	25345	25255
992	5850	983	5827	2424	5808	5833	5792	5867	5814	917	5796	5797	5801	5838	5881	5883	5892	1019	5893	5805
2530	29	4254	2428	1924	2432
4708	21686	21647	21665	21652	21662	21678	21701	21642
9191	88	19532	16238	10935	21175	13590	21160	21157	21143	21148	21144	21156	2817	21167	15248	21151	21142	8611	21188	21139	21149	21186	21182
6888	18291	18253	18277	18258	18213	18319	18256	6886	18208	18223	18224	18301	18310	18207	18244	18263	18236	18316	6897	18203	18293	18292	6908	18262	18324	18303	18315	18318	18328	6890
4585	4586	16091	7905	16206	16211	16179	16082	16129	16171	16183	16089	16112	4605	4624	16128	16095	16097	16116	16196	16093	16131
3305	3313	3388	3332	3371	3353	3325	3393	3379	3331	3386	3328	3352	3401	3405	3311	3306	3397	3408	3323
10601	4074	10629	4110	16684	16663	16667	10586	16660	16711	16677	16702	16708	1066	16643	4047	16699	10588	16624	4118	16701	4180	16674	16666	4079	4166
25449	25469	25465	25459	25450	25455	25471	25472	25453	25468	25452	25473	25475	25481	25470	25457	25480	25451	25477	25458	25464	25476	795	25462	25460
4845	4847	546
19821	19840	19854	19850	19833	19866	19889	19823	19899	19860	19843	19896	19919	19893	19902	19923	19888	19912	19828	9710	19903
493	29	257	2046	26581	2013	2015	518	26629	26631	26615	26651	26606	26657
5613	5579	5582
19183	23603	19122	21534
6895	936	6886	28158	28204	28184	28185	28177	28216	10789	28151	28054	28049	28176	10758	28150	28197	28152
4847	27403	27374	4868	27372	27405	27404	27379	4859	27400	27397
7024	7262	7251	7257	7254	7131	7319	7233	7223	7072	7287	7217	7081	7302	7264	7149	7044	7167	7295	7293	7035	7058	7170	7306	7303	7288	7238	7242	7068
883	9191	823
17141	17178	17210	17256	17248	17150	17184	17287	17259	17222	17192	17261	17249	17333	17298	17143	17147	17312	17228	5565	17217	17158	17255	17193	17279	17154	17200	17283	17182	17238	17274
7797	24829	9453	24913	24826	24803	24842	9488	19786	24793	24852	24849	24957	24884	24848	24800	24802	24853	24919	24877	24862	24907	24888	24847	24933	24863	24824
9595	17486	17521	17495	17459	17431	17529	17482	17530	17463	17533	17528	17522	17523	17479	17506	17526
27132	27165	27272	27170	27197	27219	27212	27157	27228	27187	27222	27247
12540	12557	12615	12560	12612	12604	12579	12610	12592	12608	12602	12613	12569	12564	12566
19966	20950	20947	21008	20997	20973	20996	20998	20981	20977	20954	21022	20974	20994	21026	21027	21015	20987	21005	20962	20960
21759	7726	21762	21794	9406	7768	21774	21761	21781	21779	21765	21793	21790	21772	21784	15110	21764	21768	21763
