6912	88	6929	6998	7005	6933	6955	6966	7001	6985	6956	7023	6987	6917	7012	6915	6975	6916	6961	6972	6971	6918	7022	7010	6938	7015
2432	2424	2522	9309	9292	4284	9230	3253	2523	9375	9228	9260	4899	2533	9266	9305	9388	9332	9211	9346	9235	9219	9361	9207	9287	9339	6643	9371	9283	9307	7885
14977	2797	2801
1921	337	1924	1955	1954	1940	1944	1946	1935	1927	1959	1956	1923	1949	1939	1933	1938	1961	1936	1958	1925	1941
18947	18774	27970	27940	27971	28004	18941	18760	27956	27955	27997
7939	18335	18334	18358	18337	18342	18390	18373	7928	18399	18389	7959	18366	18371	18369	7945
1924	26163	26158	26145	26149	26156	26146	26157	26124	4319	2485	917	2451	26135	26121	2459	6086	26261	26255	26167	5595	26193	26111	26278
1544	6074	6054	6076	6069	6075	6051	1533	6044	6065	1546	1566	6064	1553	6061	1539	1528	6036	6068	1530	1561	6062
6793	2475	917	19952	19975	19976	19951	6699	19965	823	16269	19980	19948	19935
3338	20445	20516	20455	20313
6923	6912	4253	6918
19595	20875	1570	1533	20868	20870	20929	20921	20859	1554	20922	20886	20895	20865
14476	14580	14535	6009	14571	5980	14493	7987	14562	14549	14528	14478	14533	14498	8048	14514	5977	5976	14500	14523
18703	18738	18732	18727	18739	18733	18740	18715	18736	18730	18721	18737	18719	18711	6805	11264	18723	4997	6145	18717
6799	822	2456	22434	1011	22438	17342	22445	22437	17354	9396	1017	9392	22444	22443	22431	22439	22423	22432
5009	5019	5151	5049	5115	5126	5136	5016	5029
10513	29	2428
18708	23583	18712	23569
27287	27484	27500	27475	27580	7027	24095	27533	27527	27505	27512	27742	27660	27295	27639	27497
20247	26733	13335	26755	22371
920	10299	823
4249	6020	5984	5985	6031	6000	5987	5980	6017	6026	6011	6027	6013	5986	5994	6003	4247	5976
7705	7775	7797	7760	7804	7750	7756	7783	7738	7761	7807	7801	7711	7795
795	822	812	813	800	808	17540	799	806	818	821	797	807
3100	11298	20812
4252	4312	2463	4332	4391	4417	4384	4431	2459	4269	4420	4255	1948	2472	4300	4260	4385	4393	4395
4254	4319	6309	917	4899	2459	6862	9313	6409	11682	9199	11655	11644	11641	11681	11639	11662	11633
2463	2424	992	1011	917	6862
546	4847	4872	4854	4863	4896	4852	4864	4873	4901	4883	4859	4882	4884	4880	4897	562
11300	11316	11303	14677	8127	14678	14723	14734	14672	14688
6309	6573	6605	6583	6519	6548	6463	6380	6727	6653
15914	8786	15979	15972	15922	15937	15949	15989	15962
21034	21095	21069	21127	21043	21047	21109	21042
11306	16364	11316	10935	2523	16307	16319	14684	2542	16344	16331	8589	16366	16351	16348	16322	16338
9515	9520	9524	9528	9522	9529	9519	9536	9548	9531	9553	9538	9535	9530	9534
4908	4920	4909	2851	16751	4979	16736	16784	16752	4941	16767	16771	16750	16732	16770	4957	16782	16760	4921	16773	4943	16759	4995	16763	16728	4904	4922	4961
7725	17402	17397	7726	17409	17399	17398	7760	17407	17422	17396	7705	17404	17418
11566	14068	28714	11554
2350	20051	20055	20022	2369	20060	20073	20023	20101	20069	20012	20021	20058	20061	20046	20100	2360	20015	20081	20026	20017	2370	20057	20066	20059	20080	20107	20027
16817	16869	16870	16842
2482	2424	2432
2100	2112	2204	21864	2143	2120	2144	2118	2138	2199	2167	2203	2108	2172	2193	2126	2214	2220	2129	2211	2110	2207	2210	2246	2124	2196	2142	2212	2189	2238	2185
18741	18872	4460	18847	18947	18774	18766	18782	18889	2756	18887	18873	18771	18767	18777	18878	18840	18862
823	928	936	903	2432	8558	911	606	847	889	848	887	836	886	539	863	888	859	963	931	924	695	840
698	711	700	728	713	747	706	710	736	705	712	734	745	779	761	783	753	770	754	780	724	730	735	707	759	793	792	778
10298	10359	10417	10490	10345	10442	10351	10371	10341	10366	10496	10313	10429	10379	10389	10398	10403	10449	10327	10489	10488	10466	10431
4796	25504	25519
10049	11848	11847	21864	11875	11845	11866	11877	11830	11819	10048	11865	11855	11879	2111	11868	11825	11832	11870	11840	11860	11867	11814	11842	10071	11817	2136
13506	19323	19360	19400	19339	19309	19371	13597	19426	19501	19342	19347	19499	19329	19473	19335	19001	19467	19406	19480	19384	19404	19453	5830	19518	16377	876	14701	14726	19496	19458
14659	21342	21365	21349	21339	21362	21341	21356	21373
25160	2338	25170	2305	2285	25165	25169	25162	25171	2362	25167	25178	25173	25179	25177	25175	25181	25176
4040	4208	4110	4177	4204	4053	4052	4045	4180	4073	4139	4131	4178	4096	4054	4157	4126	4082	4133
8266	8263	8232
7754	19771	19794	19769	19777	19770	19751	19752	19753	9426	19807	19789	19772	19754	19803	19760	19812	19783	19813
20812	20814	20817	20833	20834
10318	28800	10543	28908	28808	28789	28862	28809
19022	19060	19078	19112	19090	19079	19061	19096	19065	19047	19048	19045	19024	19115	19118	19121	19119	19097	19057	19070	19086	19095
8912	8914	8921	8922	8913
10324	4899	27103	27128	27127	27111	4871	27102	27091	6866	19552	27118	1925
9557	9616	9566	9568	9565	9618	9598	9588	9577	9614	9605	9593	9609	9587	9584	9611	9563
856	8538	823	10316	10321
4953	4902	4909
10457	9191	10298
12634	12618	7028
5598	7409	7407	5693	7410	5599	5615
8670	24224	8781	24247	13966	24212	24259	24201	24190	13999	24169	24183	24233	24254	24200	24166
8926	8992	8979	9052	8938	8144	8952	9043	8993	9044	8115	8975	9089	9051
25182	25304	25342	25280	25410	25417	25382	25345	25244	25309	25411	25267	25312	25255
2530	29	1924	4254	2428	2432
4708	21665	21647	21686	21678	21662	21642	21652	21701
6888	18208	18258	18213	18291	18277	18253	18256	18319	18207	6886	18301	18223	18224	18310	18293	18244	18203	6897	18236	6908	18263	18316	18303	18324	18315	18328	18318	18262	18292	6890
7912	7905	18947	4485
4585	7905	4586	4605	16091	16129	16097	16179	16183	16206	4624	16082	16089	16112	16095	16211	16171	16116	16196	16131	16093	16128
3305	3313	3325	3332	3331	3328	3397	3371	3353	3388	3393	3352	3401	3408	3386	3306	3311	3323	3379	3405
12651	28714	12618
19821	19854	19840	19833	19866	19850	19889	19823	19843	19899	19860	19919	19893	19888	19902	19923	9710	19896	19828	19903	19912
2797	18694	2790	2801	2808	2783	2791	27422	22223	6325	27433	2809	2820	27423	16768	22224	27444	27451	27435	27453	27430	27437	27425	27440
4847	4868	27379	27374	27405	27403	27404	27400	27372	4859	27397
19183	21534	19122	23603
8436	8521	8473	8451	8519	8467	8518	8446
14068	14118	8835	8760	14130	14158	14146	14138	14136	14111	14133
7797	9453	24913	24826	24829	24793	24803	24862	19786	24907	24884	24802	24919	24957	24842	9488	24888	24849	24848	24863	24933	24847	24824	24800	24877	24852	24853
10102	10198	10177	10223	10179	10156	10294	10219	10134	10185	10209	10140	10200	10267	10233	10221	10204	10256	10168	10215	10289	10203	10114	10186	10194	10290	10132
4216	4222	4243	4229	4236	4245	4241	4220	4234	4246	4240	4235	4244	4221	4217	4225	4237	4227
12540	12615	12557	12612	12604	12579	12592	12560	12610	12602	12564	12608	12613	12569	12566
27132	27272	27228	27165	27157	27219	27170	27197	27222	27212	27187	27247
21759	9406	21790	7726	7768	21774	21794	21762	21772	21779	21761	21781	21793	21764	21763	15110	21784	21768	21765
