2432	9309	9292	4899	2424	4284	9230	2522	9228	2523	3253	9375	9287	9211	6643	9305	2533	9260	9283	9388	9235	9346	9219	9332	9266	9207	9361	9307	9371	9339	7885
6912	88	6998	6955	7005	6929	6966	6985	6915	6933	7001	6956	6961	6917	6972	7023	6916	6971	7022	7012	6938	6975	6918	6987	7010	7015
14977	2801	2797
11265	23679	23677	23751	23738	23641	23683	23750	23647	23692	23648	23654	23620	23632	23676	23732	23707	23759	23754	23635	23708	23637	23715	23761	23741	23744	23671	23705	23766	23696	23638
1921	1924	1954	1935	1959	1927	1940	1955	1938	337	1933	1944	1958	1923	1939	1936	1946	1925	1956	1949	1941	1961
4866	4847	546
18947	27971	28004	18941	27955	18774	27940	27970	18760	27956	27997
7939	18334	18337	18390	18342	18335	18389	18358	7928	18373	18366	18371	7959	18369	18399	7945
7946	7905	17920	17853	17934	18019	17772	17901	17988	18006
19595	20868	20875	20870	1570	20921	20929	20859	1533	20886	1554	20895	20922	20865
6923	6912	4253	6918
14476	6009	5980	14535	14571	14533	8048	14528	7987	14562	5977	14498	14500	14478	14580	14549	14514	14493	5976	14523
5388	5423	5392	5545	5515	5424	5559	5428	5455	5556	5422	5532	5565
4877	4847	546
18703	18732	18721	18733	18711	4997	18727	18738	18739	18723	18736	18740	18737	18719	18730	18715	6805	6145	18717	11264
6928	6912	6918
10513	2428	29
20247	26733	22371	13335	26755
27287	27484	27500	27580	27475	24095	27512	27505	7027	27497	27533	27527	27742	27660	27639	27295
920	10299	823
4249	6020	5984	6000	5980	6011	5985	6017	5987	6003	4247	6031	5986	6027	5994	5976	6013	6026
7705	7797	7775	7760	7756	7711	7783	7750	7804	7738	7807	7801	7761	7795
4252	4312	2463	4332	2459	4391	4420	4431	4417	4269	4393	2472	4260	4255	4384	4300	4385	1948	4395
3100	11298	20812
29	0	4252	1977	10506	547	45	3244	603	1973	1991	10557	2071	602	10511	10540
4253	23941	5829	88	4698	2429	23946	24034	9288	6838	23983	24039	23940	925	1017	23944	23968	16309	23949	23956	23930	24002	13569	6970	23992	23970	24035	24027	23980	24005
21534	23609	23605	19157	19122	23597	23613	21536	23599	23595	23598	19124	19176	21583	23611	19147	19141	19208	23614	19146	19194	23606	23617	23612
2463	2424	992	1011	6862	917
11298	11305	11303	11316	11320	11310	11323	11301	11317	11308	11299
11300	11303	11316	8127	14723	14672	14677	14678	14734	14688
4902	4965	4913	4948	4968	4918	5008	4966	4946	4972	4943	4944	4995	4937	4961
8232	8250	8244	8237	8246	8303	8253	8249	8261	8242	8269	8268	8308	8238	8297	8258	8307	8300	8283	8287	8284	8277	8290	8255	8273	8254	7266	8316	8295
28714	28715	28772	8679	28751	28716	28773	28754	28788	28733	8835	28748	28781	28785	28770	28780	28727	28738	28746
21034	21095	21043	21042	21127	21109	21069	21047
9515	9529	9520	9536	9522	9519	9528	9553	9535	9524	9534	9548	9530	9538	9531
16817	16869	16842	16870
2610	12919	12909	12922	2596	12921	12914	12916	12910	12912	12908	12923	12915	2611	12918
14770	14836	14788	14793	14818	14842	14817	14828	14816	14870	14814	14863	14848	14906	14771	14918	14871	14810	14939	14946	14900	14953	14961	14940	14849	14861	14964
19122	19156	19149	19127	19153	19184	19128	19211	19185	19181	19147	19204	19166	19130	19191	19146	19132	19129	19177	19171	19187	19151	19189	19169	19215
2482	2424	2432
8115	8229	8123	8125	8194	8116	8122	8177	8126	8212	8171	8181	8197	8210	8166
7091	22074	22088	12939	22028	22013	21987	7398	22021
2100	21864	2204	2118	2120	2246	2144	2112	2138	2167	2110	2220	2126	2212	2196	2211	2108	2129	2193	2214	2143	2172	2124	2238	2203	2189	2210	2142	2199	2207	2185
4917	2801	2832	5829	9191	2790	13590	4965	15020	2809	14965	2787	15007	4902	2841	14979	14981	14989	4948	15031	5854	2799	10318	2818	2823	15017	14970	15025	15038	15036
13111	13138	8011	5895	13179	13163	13124	13143	13165	13146	13159	13136	13194	13180	13118	13162	13176	13186	13187
18747	21810	21799	21807	21811	21815	21818	21808	21817	21806	18356	18359	21798
10299	11330	11353	11352	11374	11363	11364	11379	11381	11349	11397	11336	11341	11384	11391	11357	11393	11380	11373	11350	11372	11396	11389	11394	11386	11355	11392	11334	11344	11348
21826	23315	23308	23265	23290	23224	23228	23245	2101	23223	23283	23305	2155
13506	19323	19339	19309	19371	19347	19360	13597	19518	19426	19501	19400	19001	19329	14701	19473	19335	19406	19342	19480	14726	16377	19499	19453	19467	19496	876	19404	5830	19384	19458
8259	8263	8232
8134	12787	12778	12805	12845	12818	12819	12759	8214	12886	12789	12863	12806	12856	12826	12849	12812	12883
8266	8263	8232
12618	12642	12628	12641	7533	12643	12621	7519	12639
10318	10543	28908	28800	28809	28808	28789	28862
19022	19061	19078	19090	19060	19079	19096	19112	19065	19045	19115	19097	19048	19070	19118	19119	19024	19047	19121	19095	19057	19086
8912	8922	8913	8914	8921
10321	28100	28090	28103	28099	28089	28091	28102	28122	28115	4269	28107	28094	28093	28088	28106	28138	28104	28109	28133
4562	4647	4598	4669	4575
9557	9598	9566	9616	9577	9568	9588	9618	9565	9614	9609	9584	9593	9611	9587	9563	9605
4950	4902	4908
2262	5338	5280	5362	5303	5345	5336	5320	5355	5317	5354
4695	4736	4698	4756	4771	4728	4739	4709	4768	4737	4791	4789	4831	4772	4748
856	8538	10321	823	10316
10457	9191	10298
12634	12618	7028
8668	7089	3307	3360	3361	18477	3309	18418	8724	18474	18481	18458	18421	18407	18445	3358	18444	18446	18513	18436	18496	18501	8752	18429	18505	18492	18448	18494	18509	18469	18471
9181	4254	9182
8670	13966	8781	24224	24247	24212	24259	13999	24201	24200	24169	24254	24190	24166	24233	24183
862	4254	9182	6793	4253
5598	7409	5599	5693	7410	7407	5615
8926	9052	8938	8115	8979	8144	8992	9043	8993	9044	8952	9051	8975	9089
5599	5579	13494
992	5850	2424	983	5838	5827	5792	5808	5833	5801	5796	5797	5814	917	5867	1019	5881	5892	5883	5893	5805
8678	8828	14036	13976	14051	13986	14015	14009	14022	14066	8701	14010	13959	14029	14060	13961	14012	13953	13964	7160	13988	8759	8702	13991	14013	14054	14052
3305	3313	3325	3331	3401	3353	3328	3379	3393	3371	3332	3388	3352	3306	3397	3323	3386	3311	3408	3405
10601	4074	4047	10586	10629	16684	10588	4110	4118	1066	16708	16667	16677	16702	4166	16711	4180	16699	16643	16663	16660	16624	16666	16674	4079	16701
25449	25455	25459	25453	25450	25471	25469	25468	25472	25465	25480	25473	25458	25475	25464	25452	25457	25470	25481	25451	25477	795	25462	25460	25476
12651	28714	12618
6895	936	28177	28158	28204	6886	28151	28184	28049	28185	10789	28216	28176	10758	28054	28152	28150	28197
19183	23603	19122	21534
4847	4868	27374	27403	27379	27405	4859	27400	27372	27404	27397
13295	13395	13321	13465	13338	13367	13373	13420	13335	13469	13372	13385	13462	13380	13353	13297	13381	13352	13457
7024	7251	7217	7131	7257	7072	7262	7287	7233	7254	7319	7081	7223	7264	7149	7058	7306	7044	7293	7302	7170	7167	7288	7035	7303	7295	7242	7238	7068
8436	8521	8451	8473	8467	8518	8519	8446
7797	24829	24913	9453	24826	24793	24884	24803	19786	24802	24888	24907	24863	24847	24933	24824	24848	24800	24862	24957	24919	24849	24842	24877	24852	9488	24853
4219	11007	10890	10968	11229	11050	11218	10859	11195	11046	11151
9595	17486	17459	17431	17495	17463	17482	17521	17533	17522	17530	17506	17529	17528	17523	17479	17526
