11265	23677	23751	23648	23641	23679	23692	23654	23738	23759	23707	23637	23683	23647	23620	23635	23715	23708	23676	23632	23750	23744	23732	23754	23671	23766	23761	23741	23705	23696	23638
1921	337	1927	1940	1924	1959	1955	1923	1944	1954	1938	1933	1935	1956	1958	1936	1946	1949	1925	1961	1939	1941
18947	27971	27970	18941	28004	18760	18774	27940	27955	27956	27997
7939	7928	18334	18337	18390	18373	18335	18342	18389	18366	18358	7959	18369	18399	18371	7945
8324	8387	8380	8404	8368	8359
1544	6054	6074	6075	6069	6064	6051	6036	6065	6044	1546	1533	1566	6076	1539	1528	6061	1553	1530	1561	6068	6062
6793	19975	19951	917	6699	2475	19952	19976	19980	19965	16269	823	19935	19948
7946	7905	17920	17853	17934	17901	17988	18019	17772	18006
5388	5392	5559	5423	5532	5545	5424	5556	5455	5515	5565	5422	5428
8717	8668	7089	3338
4877	4847	546
6799	2456	822	17354	22445	17342	1011	22437	22444	22434	1017	22438	9392	9396	22443	22431	22432	22423	22439
1041	10680	10621	10652	10655	10594	10623	1066	10657	10601	10664	10635	10605	10665
10513	2428	29
18708	23583	18712	23569
1045	25630	25625	25605	1175	25596	25592	25642	25606	25633	1202	1066	25602
20247	26733	13335	26755	22371
920	10299	823
4249	6020	5984	5985	6000	6027	5980	6031	5987	6003	5994	5986	4247	6026	6011	6017	5976	6013
7705	7775	7797	7760	7756	7750	7804	7807	7783	7801	7738	7711	7761	7795
795	812	822	813	808	17540	797	800	806	799	818	821	807
6309	6583	6605	6380	6573	6519	6548	6653	6463	6727
2598	11960	11984	11921	11908	11925	11911	11949	11889	11989	11966	11955	2596	11944	11946	11900	11906	11883	11894	2611
8232	8250	8244	8237	8303	8249	8253	8269	8261	8300	8238	8242	8246	8255	8258	8297	8290	8307	8283	8268	8277	8287	8284	8273	8308	7266	8254	8295	8316
28714	28751	8679	28773	28715	28772	28788	28754	28748	8835	28785	28770	28716	28781	28780	28738	28733	28746	28727
11306	16364	11316	14684	10935	16319	16307	2523	2542	16366	16331	16348	8589	16344	16322	16351	16338
4908	16784	16736	2851	16763	16751	4909	16773	16770	16771	16752	16732	4957	16750	16782	16760	16767	4941	4920	4979	4943	16759	4995	16728	4904	4921	4922	4961
4909	11270	22147	5860	936	22162	22111	22195	22266	22119	4906	22329	22272	22253	4937	4961
2350	20051	20055	20015	20022	20073	20060	20101	20058	2369	20061	20012	20021	20100	20023	20057	20069	20107	20059	20080	2370	20081	20046	20017	2360	20026	20027	20066
7089	8695	8679	3307	8769	3361	8792	3329	8817	8713	8884	8686	8859	8868	8870	8799	8753	8691	8807	8693	8878	8848	3383	8762	8716
16817	16869	16870	16842
2482	2424	2432
14770	14836	14793	14842	14788	14828	14816	14814	14906	14817	14818	14918	14861	14863	14939	14870	14849	14771	14961	14848	14871	14900	14946	14953	14810	14940	14964
7091	21987	22074	22028	12939	22088	22013	7398	22021
19635	19654	21755	21711	21729	19714
18741	18847	18947	18766	18872	4460	18889	2756	18782	18774	18878	18767	18771	18887	18873	18840	18777	18862
823	889	928	847	606	887	936	911	903	886	2432	931	8558	848	924	863	963	539	888	836	695	840	859
18747	21818	21810	18359	21808	21799	21807	21806	18356	21815	21817	21811	21798
10299	11330	11352	11363	11349	11353	11397	11379	11374	11391	11381	11364	11394	11393	11336	11384	11341	11386	11380	11396	11350	11348	11357	11389	11373	11334	11355	11344	11372	11392
4796	25504	25519
5824	9182	4254	1924	992	4253
21826	23315	23228	2101	23224	23290	23308	23223	23245	2155	23283	23305	23265
13506	19323	19339	19400	13597	19426	19360	19342	19309	19501	19335	19001	19347	19480	19371	19473	19329	14701	19518	19453	19499	19467	19406	16377	19384	19404	5830	14726	19496	876	19458
2882	2890	3010	3021	2888	2892	2938	3000	3022	2925	2916	2902	3012	2897	3015	2904	2994	2985	3029	2945	3009	2950	3025	2971	3020
25160	2338	25169	25170	25171	25162	2305	25165	2285	25179	25173	2362	25177	25178	25176	25181	25175	25167
7754	19771	19769	19794	19777	19752	19751	19770	19753	9426	19754	19772	19760	19789	19807	19783	19803	19812	19813
20812	20814	20817	20833	20834
19022	19078	19112	19090	19079	19061	19060	19096	19065	19048	19045	19115	19119	19047	19097	19118	19070	19024	19057	19121	19086	19095
10321	28100	28091	28103	28089	28090	28099	28115	28094	28122	28102	28107	4269	28088	28104	28093	28138	28106	28109	28133
18514	18525	18529	18576	18515	18516	18580	18533	18560	18593	18546	18532	18523	18527	8670	18588	18545	18595	18582	18557	18591	18577	18563	18520	18590
4562	4598	4647	4669	4575
3411	3830	3812	3488	3460	3738	3675	3557	3651	3639	3769	3531	3887	3613	3451	3423	3546	3626	3770
10324	4899	27128	27127	27103	27091	4871	27102	27111	27118	19552	6866	1925
2262	5338	5362	5280	5355	5320	5336	5317	5303	5345	5354
14168	14191	14200	14214	14199	14221	14285	14294	14274	14190	14204	14249	14289	14302	14299	14210	14303	14171	14291	14181	14260	14269	14295	14277
4953	4902	4909
10457	9191	10298
7769	9468	9436	9452	9498	7747	9426	9463	9475	7708	9444	7775	7715	9411	9446	9401	9441	9476
8668	7089	3307	3361	18477	18418	3309	3360	18446	18481	18458	18513	18407	18474	18494	3358	18421	18445	18444	8724	18436	18501	18448	18496	18429	18509	18469	18492	8752	18505	18471
9181	9182	4254
2141	12465	21864	2100
862	9182	4254	6793	4253
8670	13966	24224	24247	8781	24259	13999	24212	24201	24190	24233	24169	24254	24200	24166	24183
25182	25304	25417	25342	25244	25280	25410	25345	25382	25312	25255	25267	25309	25411
5983	8901	8897	8887	5980	8888	5999	8892	8910	8904	8893	7995	8040	8885	8889	8906
5599	5579	13494
992	5833	5850	2424	5808	917	5801	5827	5881	5838	5797	5796	5792	983	5893	5867	5883	5814	1019	5892	5805
4323	4847	4252
4708	21686	21665	21652	21678	21647	21662	21642	21701
6888	18208	18291	18213	18258	18277	18256	18253	18224	18319	18223	6908	18301	18207	18203	18310	18316	6886	18244	18293	6897	18236	18292	18262	18303	18328	18315	18324	6890	18263	18318
7912	18947	7905	4485
25449	25455	25459	25464	25472	25469	25452	25471	25453	25450	25465	25468	25457	25470	25481	25476	25480	25475	25473	795	25477	25462	25458	25460	25451
4585	7905	4586	16179	16082	16129	16206	16091	16183	4605	16097	16112	16089	16095	16211	4624	16196	16171	16116	16131	16093	16128
3305	3313	3331	3325	3328	3379	3332	3401	3393	3388	3353	3371	3397	3311	3386	3306	3323	3408	3352	3405
10601	4047	4074	10586	16684	4118	16677	10629	4110	10588	16711	16660	16667	4180	1066	16701	16624	16702	16699	4166	16708	4079	16663	16666	16674	16643
12651	28714	12618
19821	19840	19854	19833	19850	19866	19889	19823	19899	19860	19843	19902	19888	19896	19828	19919	19893	19923	9710	19912	19903
493	2015	26581	29	26615	26657	26629	518	257	26651	2013	26631	26606	2046
4845	4847	546
4847	27379	27372	27404	27374	4868	27405	27403	27400	27397	4859
6000	14476	7972
21489	21497	21543	21512	21540	21498	21530	21602	21587	21516
883	9191	823
8436	8473	8521	8519	8467	8451	8518	8446
17141	17150	17178	17210	17256	17184	17287	17147	17217	17333	17143	17248	17222	17249	17255	17192	17154	17228	17298	17259	17261	17312	17193	17200	17238	17283	5565	17182	17158	17279	17274
9595	17486	17495	17459	17431	17521	17463	17482	17522	17529	17533	17530	17528	17523	17479	17526	17506
21759	21774	21762	7726	7768	21794	9406	21793	21764	21781	21790	21772	21779	21784	21761	15110	21765	21763	21768
