6912	88	6955	6933	6998	6929	7005	6985	6956	6915	7001	6987	6916	6966	6917	7023	7022	6961	7012	6972	6938	6918	6971	7010	7015	6975
14977	2801	2797
4485	4489	18947	18939	18942	18954	4456	18919	18963	18968	14488	14564	18955	18937	18936	18932	18926	18974	18940	18943	18962
1544	6069	6054	6065	6074	1530	1566	6075	6064	6044	1546	6051	1553	6061	1533	6076	1528	1539	6036	6068	1561	6062
6793	19976	2475	6699	917	823	19952	19975	19980	16269	19935	19948	19951	19965
3338	20516	20455	20445	20313
7946	17920	17853	7905	17934	18019	17901	17772	17988	18006
19595	20875	20868	20921	20870	20929	20859	20922	1533	20895	1570	20886	20865	1554
6923	6912	4253	6918
14476	14580	5980	6009	14535	14571	14549	14528	14533	14478	8048	14562	14523	5977	14498	5976	7987	14493	14500	14514
4877	546	4847
6928	6912	6918
18704	23791	23771	23770	23789	23777	23774	18705	23797	23788	18707	23775	23768	23779	23793	23783	23769
21904	26457	26539	26516	26455	21884	2890	12506	26513	12497	21903	26488	21865	26460	21875	26465	21935	21864	26509	26481	26506	26499	26493	26545	26468	26462	26491	26497	26507	26544	26496
10513	29	2428
1041	10601	10680	10635	1066	10657	10621	10655	10594	10665	10623	10652	10605	10664
5009	5049	5019	5151	5115	5016	5029	5136	5126
18708	23583	23569	18712
1045	25630	25625	25605	1175	25606	1202	25592	25596	25633	25642	1066	25602
27287	27484	27580	27475	27500	24095	27512	27660	27742	27505	27533	27527	27497	7027	27639	27295
20247	26733	22371	13335	26755
7705	7797	7775	7760	7750	7804	7807	7756	7738	7783	7761	7801	7711	7795
4252	4312	4332	4391	4431	4417	2463	4269	4420	2459	1948	2472	4393	4260	4384	4395	4255	4300	4385
4254	6309	6409	11682	9199	2459	6862	4899	4319	11655	917	11681	9313	11644	11641	11662	11639	11633
11298	11310	11316	11305	11301	11323	11303	11320	11317	11308	11299
8232	8244	8250	8253	8237	8303	8283	8238	8249	8269	8297	8246	8290	8242	8308	8300	8268	8255	8307	8261	8277	8273	8258	8287	8254	8284	8295	8316	7266
21034	21095	21042	21043	21047	21127	21109	21069
15914	8786	15989	15962	15979	15922	15937	15972	15949
4908	4909	16736	16773	16770	16763	16784	2851	16728	16760	16767	16732	16759	16751	16782	16750	4920	16752	16771	4979	4957	4941	4904	4921	4943	4995	4922	4961
7725	17402	17409	17397	17407	17398	7760	7726	7705	17404	17399	17422	17418	17396
4909	936	22147	5860	11270	22111	22162	22253	22119	22329	22195	22266	4906	22272	4961	4937
2350	20051	20055	20073	2369	20015	20059	20101	20022	20023	20061	20060	20021	20100	20058	20057	20069	20012	20080	20046	20027	20107	20081	2370	20017	2360	20026	20066
11566	28714	14068	11554
16817	16869	16870	16842
2482	2424	2432
2610	12919	12909	12921	12914	12922	12916	2596	12908	12923	12910	12912	12915	12918	2611
19122	19153	19211	19149	19156	19181	19184	19127	19171	19185	19191	19147	19204	19130	19128	19187	19166	19146	19129	19132	19177	19215	19189	19151	19169
8115	8229	8194	8123	8125	8166	8181	8210	8177	8122	8171	8116	8197	8212	8126
18741	18847	18947	4460	18889	18872	2756	18887	18782	18878	18777	18766	18767	18873	18771	18774	18840	18862
4917	2801	15007	2832	5829	15020	2790	13590	9191	14981	2809	2799	14965	2841	14979	2787	15031	14989	4965	4948	4902	5854	15025	15038	15017	14970	10318	2823	2818	15036
698	700	713	711	735	779	745	728	736	780	710	754	792	734	712	747	706	783	770	705	724	761	707	753	730	759	778	793
18747	21807	21818	21808	21810	21806	21817	21811	18359	21799	21815	18356	21798
10299	11381	11330	11341	11352	11353	11363	11379	11374	11397	11349	11348	11364	11391	11380	11396	11394	11384	11336	11334	11386	11357	11373	11389	11392	11393	11355	11344	11372	11350
13506	19426	19323	19400	19309	19360	19347	19480	19335	19501	19339	19406	14701	19518	19342	13597	19499	19473	19371	5830	19467	14726	19384	19329	16377	19496	19453	19458	876	19001	19404
2882	3010	2890	2888	2897	2985	3012	2925	3009	2904	2892	3029	2994	2902	3022	2971	3000	2916	3021	3015	3025	2938	2945	3020	2950
15045	15106	15088	15083	15099	15107	15092	15053	15046	15121	15103	15057	15102	15055	15165	15071	15068	15158	7726	15117	15076	15123	15163	15155
4040	4204	4110	4177	4208	4052	4157	4053	4045	4073	4054	4178	4126	4082	4139	4096	4131	4133	4180
25160	25171	2338	25170	25162	25165	25169	25173	25177	25178	2305	2285	2362	25175	25179	25176	25181	25167
7754	19771	19794	19770	19769	19777	19751	19752	19772	19753	19807	19760	9426	19754	19789	19812	19803	19783	19813
10316	822	4254	24274	24287	4872	10298	24279	4886	11811	24280	11725	4871	24272	24276	24269	24278	11760	24281	24271	11698	2065	11759	11680	11691	11626
19022	19078	19112	19060	19090	19079	19045	19061	19096	19065	19048	19115	19118	19119	19097	19070	19024	19047	19057	19095	19121	19086
10318	28908	10543	28800	28809	28808	28862	28789
8912	8921	8914	8922	8913
18514	18515	18529	18533	18560	18593	18525	18516	18576	18532	18580	18523	18546	18582	18588	18545	18527	18520	18595	18557	8670	18563	18577	18591	18590
4562	4598	4669	4647	4575
9557	9565	9566	9616	9598	9577	9588	9618	9614	9609	9568	9611	9593	9605	9587	9584	9563
2262	5362	5320	5354	5338	5303	5336	5280	5355	5345	5317
4950	4902	4908
4695	4756	4771	4736	4698	4831	4768	4709	4728	4737	4789	4772	4791	4739	4748
14168	14191	14200	14214	14299	14221	14199	14181	14249	14303	14285	14295	14204	14294	14277	14302	14274	14291	14210	14190	14269	14289	14171	14260
7769	9436	9463	9452	9411	9475	9468	9444	9498	7708	9426	7775	7747	7715	9441	9476	9401	9446
4953	4909	4902
12634	12618	7028
9181	4254	9182
8670	8781	24224	24247	13966	24259	24212	24233	24166	13999	24183	24254	24201	24169	24200	24190
862	4254	9182	4253	6793
5599	5579	13494
992	5850	983	5808	2424	5792	5796	5833	5838	5801	5867	5797	5814	5892	5827	917	5881	5883	5805	5893	1019
2530	4254	1924	29	2432	2428
4323	4252	4847
4708	21647	21652	21686	21665	21662	21701	21678	21642
9191	19532	88	21160	13590	21156	16238	21143	21142	21151	21157	21175	2817	21144	21148	15248	10935	21182	21186	21139	21188	21167	21149	8611
7912	18947	7905	4485
4585	16179	7905	16091	4586	16211	16082	16129	16206	16089	4605	16112	16171	16183	16097	16128	4624	16196	16131	16116	16093	16095
15082	15045	7797
5613	5579	5582
493	29	2013	26581	26615	26629	26657	26606	518	2015	26651	257	2046	26631
13295	13395	13321	13338	13367	13465	13372	13373	13420	13335	13462	13380	13457	13385	13297	13352	13469	13353	13381
4847	4859	27379	4868	27403	27404	27405	27374	27372	27397	27400
7024	7251	7262	7233	7257	7131	7287	7254	7072	7264	7223	7217	7170	7058	7044	7167	7149	7295	7293	7081	7319	7288	7303	7302	7242	7306	7238	7035	7068
21489	21497	21540	21512	21516	21602	21543	21498	21587	21530
8436	8521	8473	8451	8518	8467	8519	8446
4216	4243	4245	4229	4241	4235	4217	4222	4244	4234	4225	4236	4246	4220	4240	4221	4237	4227
9595	17486	17459	17495	17431	17521	17482	17530	17529	17528	17463	17523	17533	17506	17522	17526	17479
12540	12615	12557	12612	12610	12604	12560	12579	12602	12592	12608	12613	12564	12569	12566
4861	546	4847
19966	20981	20947	20950	20977	21008	20973	20998	20954	21022	20997	20994	20996	21015	20974	21026	21027	20987	21005	20962	20960
