2432	4284	9309	4899	9230	2424	9375	9292	9287	2522	9305	2523	9228	9219	9266	9361	9260	3253	9307	9283	9346	2533	9371	9211	6643	9207	9388	9235	9332	9339	7885
6912	88	6998	6929	6956	7005	6985	6915	6955	6961	7001	6933	6916	7023	7022	6966	6975	6987	6917	7012	6918	6972	7010	6971	6938	7015
1921	1924	1940	1954	1959	1927	1955	337	1935	1938	1958	1933	1936	1944	1939	1946	1949	1941	1956	1923	1925	1961
4866	546	4847
7939	18334	18337	18390	7928	18389	18358	18335	18342	18369	7945	18371	18366	18373	7959	18399
18947	27971	27970	28004	18760	18941	27940	18774	27955	27997	27956
1924	26145	26149	26163	26124	26157	26146	26158	26156	26121	2451	4319	26135	2485	2459	5595	917	26255	26278	6086	26193	26167	26111	26261
1544	1530	6074	6044	1528	6064	6051	6054	1533	6065	6069	6075	1566	1539	6036	1546	6061	6076	1553	1561	6068	6062
7946	17853	7905	17920	17934	18019	17901	17772	17988	18006
19595	20870	20875	20868	1533	1570	20886	20921	20922	20929	20859	1554	20865	20895
4877	546	4847
8717	8668	7089	3338
18703	18739	18733	18721	18737	18732	18736	18738	18727	18711	18719	18730	18723	4997	18717	18715	18740	6145	11264	6805
9615	22540	22461	22521	22571	22488	22543	22466	22486	22561	22596	22599	22458	22537	22495	22574	22487	22539	22582	22558	22550	22525	22598	22584	22552	22593	22591	22496	22527
18704	18705	23791	23797	23774	23775	23770	23788	23789	23771	18707	23793	23777	23779	23768	23783	23769
21904	26457	2890	12506	21884	26465	26499	21875	26481	26513	26460	26516	12497	26468	21935	21865	26509	21864	26493	26488	26462	26545	26491	26455	26539	21903	26507	26506	26497	26496	26544
1041	10680	10657	10594	10601	10621	1066	10623	10655	10635	10664	10665	10605	10652
5009	5019	5115	5151	5049	5136	5126	5016	5029
18708	18712	23569	23583
20247	22371	26733	26755	13335
920	10299	823
7705	7797	7760	7775	7750	7756	7761	7738	7783	7807	7804	7711	7801	7795
795	812	813	800	17540	822	797	808	806	799	818	807	821
3100	11298	20812
29	0	4252	10506	45	1977	1991	3244	1973	547	10557	602	10511	2071	603	10540
4253	23941	5829	88	4698	2429	24034	23949	9288	23946	24039	23983	23930	23944	925	24035	13569	6838	1017	24027	23940	23956	23968	16309	23970	6970	23980	24005	24002	23992
30	2432	8558
546	4872	4883	4863	4896	4847	4897	4852	4859	4854	4880	4864	4884	562	4901	4882	4873
11298	11310	11301	11303	11316	11320	11305	11323	11317	11308	11299
8739	24756	7089	24776	9515	24720	24759	24739	24758	24757	24745	24734	24737	24760	24779	24768	24746	24764	24781	24748
6309	6583	6380	6605	6519	6727	6653	6548	6463	6573
4902	4965	4943	4913	4946	4966	4918	4968	4972	4948	4995	4944	5008	4937	4961
2598	2596	11949	11955	11984	11889	11960	11908	11911	11925	11944	11946	11921	11900	11966	11989	11906	11883	11894	2611
21034	21095	21047	21127	21042	21109	21069	21043
28714	28715	28751	28772	8679	28773	28788	28785	28781	28770	28754	8835	28733	28716	28738	28727	28748	28780	28746
4908	4909	16736	16763	4943	16773	16751	16732	16728	16759	16770	4920	16752	2851	4904	16771	4957	4941	16784	16767	16750	16760	4979	4995	16782	4921	4922	4961
11566	14068	11554	28714
19122	19127	19156	19153	19149	19211	19128	19181	19171	19166	19184	19147	19191	19177	19146	19185	19204	19130	19129	19151	19132	19189	19187	19215	19169
2610	12909	12919	12914	12922	2596	12910	12908	12921	12916	12912	12923	12915	12918	2611
14770	14836	14816	14828	14817	14818	14793	14788	14842	14814	14870	14906	14771	14848	14918	14900	14961	14863	14871	14810	14940	14946	14953	14964	14849	14861	14939
698	711	736	747	713	700	734	728	712	724	706	710	730	745	761	759	735	780	779	705	707	770	753	754	793	792	783	778
10298	10442	10359	10496	10371	10403	10449	10417	10490	10313	10389	10398	10489	10351	10379	10366	10466	10431	10341	10327	10345	10429	10488
4796	25504	25519
2882	2890	2892	2938	2897	2916	3010	2902	2904	2994	3021	3000	2925	2945	2950	2888	3012	3022	3029	3015	2985	3009	3025	2971	3020
21826	23290	23315	23265	23308	2101	23224	23228	23283	23245	23305	2155	23223
8259	8263	8232
4040	4110	4204	4177	4073	4045	4053	4208	4052	4180	4126	4139	4082	4178	4096	4054	4133	4131	4157
7754	19769	19794	19771	19752	19751	19753	19777	19772	19770	9426	19807	19760	19754	19789	19813	19812	19783	19803
12618	7533	12641	12643	12628	7519	12642	12621	12639
19022	19061	19060	19079	19078	19090	19065	19045	19096	19112	19115	19097	19048	19119	19118	19070	19024	19047	19095	19121	19057	19086
10318	10543	28908	28800	28808	28789	28862	28809
10321	28090	28100	28103	28099	28089	28102	28122	28091	28107	28115	28138	28093	28094	28104	28088	4269	28109	28106	28133
2257	2267	2322
3411	3460	3830	3812	3651	3738	3887	3423	3557	3639	3488	3769	3613	3675	3531	3451	3546	3626	3770
9557	9598	9566	9568	9614	9618	9577	9565	9616	9609	9584	9588	9563	9611	9605	9593	9587
4695	4698	4771	4736	4768	4756	4728	4739	4831	4709	4737	4791	4789	4748	4772
14168	14200	14191	14214	14199	14221	14204	14210	14285	14181	14294	14303	14190	14291	14249	14299	14269	14289	14274	14277	14295	14302	14260	14171
10457	9191	10298
12634	7028	12618
9181	4254	9182
2141	12465	21864	2100
8926	9052	8115	8144	8938	8992	8993	8979	9043	8952	9044	9051	8975	9089
8670	13966	24224	24247	24259	24212	8781	13999	24201	24166	24254	24233	24169	24200	24190	24183
5598	5599	5693	7409	7407	7410	5615
862	4254	9182	6793	4253
5983	8892	8888	7995	8887	8897	5980	5999	8910	8901	8893	8904	8040	8885	8889	8906
5599	5579	13494
992	5850	5801	5838	2424	983	5808	5833	5827	5792	5867	5796	5797	5814	5892	5881	917	5883	5893	1019	5805
4708	21686	21652	21647	21662	21665	21701	21678	21642
8678	14015	8828	14036	14051	14060	14010	13991	13986	13976	13959	8701	13964	14009	14029	7160	14012	14066	14022	8759	13988	14013	14052	13961	14054	13953	8702
4585	16179	4586	7905	16206	16091	16129	16112	16211	16183	16097	4605	16171	16089	16095	4624	16093	16196	16082	16128	16131	16116
25449	25452	25455	25471	25469	25465	25459	25450	25480	25473	25472	25458	25481	25457	25475	25453	25468	25470	795	25476	25460	25464	25462	25477	25451
12651	28714	12618
2797	2801	2808	2783	18694	2790	27423	2809	2820	2791	27422	27451	27444	27453	27433	22224	27430	22223	16768	6325	27437	27435	27425	27440
19821	19840	19854	19823	19833	19889	19866	19860	19850	19843	19899	19896	19902	19893	19888	19912	19919	9710	19923	19828	19903
13295	13395	13367	13338	13321	13465	13373	13420	13469	13372	13385	13297	13335	13353	13380	13462	13457	13381	13352
19183	19122	23603	21534
6895	6886	936	28177	28204	28184	28158	28151	28054	28216	28185	10789	10758	28049	28150	28176	28152	28197
7024	7251	7257	7287	7072	7233	7262	7081	7217	7131	7223	7264	7319	7254	7149	7167	7302	7293	7295	7044	7170	7288	7058	7306	7303	7035	7242	7068	7238
14068	14118	14146	8760	14138	14130	8835	14158	14111	14136	14133
17141	17184	17256	17178	17210	17333	17150	17287	17248	17147	17143	17222	17154	5565	17192	17261	17228	17200	17158	17249	17312	17217	17238	17283	17274	17259	17182	17298	17255	17193	17279
10102	10179	10156	10177	10223	10198	10204	10289	10267	10185	10186	10294	10221	10233	10168	10140	10209	10219	10215	10134	10203	10194	10114	10200	10290	10256	10132
9595	17495	17459	17486	17431	17463	17522	17482	17533	17528	17521	17529	17530	17523	17506	17479	17526
12540	12557	12592	12560	12615	12579	12612	12564	12604	12613	12602	12610	12608	12569	12566
27132	27165	27197	27219	27170	27157	27228	27212	27272	27222	27187	27247
4861	546	4847
19966	20950	20981	20947	21008	20973	20997	20954	20998	20977	20996	21015	21022	21026	20994	20974	21027	21005	20987	20960	20962
