2432	2424	4284	9309	9292	9230	9375	2522	2523	6643	9211	3253	9266	4899	9305	9219	9287	9388	2533	9332	9361	9207	9260	9235	9346	9283	9339	9228	7885	9371	9307
14977	2797	2801
11265	23751	23738	23677	23679	23648	23692	23759	23683	23620	23654	23676	23707	23641	23708	23647	23635	23750	23637	23632	23715	23744	23671	23754	23732	23761	23696	23705	23741	23766	23638
1921	1924	1954	1940	1959	1935	337	1944	1955	1927	1939	1946	1923	1938	1961	1933	1958	1925	1936	1956	1949	1941
18947	18941	27971	28004	18774	27940	27970	27955	27956	27997	18760
7939	18334	18390	18337	7928	18335	18342	18373	18389	18358	18369	18371	18399	18366	7959	7945
8324	8387	8380	8368	8404	8359
1924	26124	26145	4319	26163	26146	26149	26156	917	26157	26158	2485	2451	26135	2459	26121	6086	26167	5595	26261	26278	26255	26111	26193
6793	19952	917	19951	2475	19965	823	19975	6699	19976	16269	19980	19935	19948
3338	20445	20516	20455	20313
6923	6912	4253	6918
19595	20859	20875	20870	20921	20929	20886	1533	1570	20868	1554	20922	20895	20865
14476	6009	14580	5980	14535	14533	14562	7987	14528	5977	8048	14500	14493	14478	14514	14571	14549	5976	14498	14523
4877	546	4847
8717	8668	7089	3338
18703	18727	18721	18732	18739	18738	6145	18733	18737	18711	18730	18719	18723	18740	18715	18717	11264	4997	6805	18736
18704	23771	23774	23789	23777	18705	23788	23797	23779	23791	23770	23793	23775	23768	18707	23769	23783
5009	5019	5049	5151	5115	5136	5029	5016	5126
1041	1066	10601	10621	10655	10623	10680	10594	10665	10657	10652	10635	10664	10605
1045	25630	25605	25625	1175	25596	25606	25633	1066	25642	25592	1202	25602
27287	27484	27500	27580	27475	24095	27533	27512	7027	27527	27497	27505	27639	27742	27660	27295
4249	6020	6000	5985	5984	5980	5987	5994	6011	6017	6027	4247	6003	6031	5986	6013	6026	5976
4253	23941	88	5829	24034	9288	4698	23946	2429	23983	6838	23968	925	23930	24002	23944	16309	23940	1017	6970	23956	24039	23992	23949	13569	23970	23980	24035	24005	24027
21534	23597	19157	19122	23613	19176	23599	23609	19124	23605	23614	23595	21536	19147	23611	23598	19141	19194	19208	23606	21583	23612	19146	23617
30	8558	2432
4254	4319	917	9313	6309	4899	2459	6409	9199	11644	11682	11641	6862	11681	11662	11655	11639	11633
2463	2424	917	992	1011	6862
546	4872	4847	4864	4883	4863	4854	4859	4896	4873	4852	4882	4901	4880	4897	4884	562
11298	11316	11303	11310	11305	11320	11323	11317	11299	11308	11301
11300	8127	11316	11303	14723	14672	14677	14688	14734	14678
6309	6573	6583	6605	6519	6548	6380	6727	6653	6463
4902	4965	4913	4948	4972	4918	4943	4968	4995	4946	4944	4966	5008	4937	4961
8232	8250	8244	8237	8246	8253	8303	8249	8290	8297	8308	8242	8258	8269	8268	8307	8238	8300	8277	8254	7266	8255	8273	8295	8284	8283	8261	8287	8316
11306	11316	16319	10935	2523	2542	16364	16348	14684	16366	8589	16307	16331	16338	16322	16344	16351
21034	21047	21095	21127	21069	21043	21109	21042
4908	4909	16736	16732	4979	16770	16773	4957	4943	16750	16784	16759	4904	4941	16767	2851	16782	4920	16751	16728	16771	16763	4995	4922	16760	16752	4921	4961
7725	17397	17398	17402	17407	17409	7726	17399	7760	7705	17396	17404	17422	17418
2350	20073	20060	20055	20051	20058	20022	2369	20012	20101	20017	20057	20015	20069	2370	20021	20061	20023	20107	2360	20081	20059	20027	20100	20046	20026	20066	20080
2610	12909	12921	2596	12916	12919	12914	12923	12912	12910	12922	12908	2611	12918	12915
19122	19156	19127	19185	19130	19211	19181	19153	19166	19191	19149	19132	19147	19204	19184	19187	19128	19177	19129	19146	19171	19189	19169	19151	19215
8115	8177	8123	8229	8125	8122	8116	8194	8212	8171	8166	8210	8126	8197	8181
18741	18947	18872	4460	18847	18782	18766	18774	2756	18771	18889	18887	18767	18777	18873	18878	18840	18862
823	889	936	847	911	928	848	836	8558	903	887	2432	886	539	888	963	931	859	924	840	606	863	695
18747	21810	21807	21808	21811	18359	21818	21799	21806	18356	21798	21815	21817
10299	11352	11363	11353	11330	11384	11397	11364	11349	11341	11374	11381	11379	11348	11393	11357	11373	11350	11389	11394	11392	11336	11391	11372	11355	11380	11396	11334	11344	11386
10049	21864	11845	11866	11848	11855	11819	10048	11847	11865	11875	11877	2111	11830	11832	11868	11867	11840	11879	11870	11814	11825	11860	2136	11842	10071	11817
14659	21362	21365	21342	21339	21341	21349	21373	21356
8134	12778	12805	12787	12819	12818	8214	12845	12789	12863	12886	12759	12806	12883	12856	12849	12826	12812
4040	4110	4208	4204	4053	4180	4052	4073	4177	4139	4045	4082	4157	4131	4133	4126	4054	4178	4096
25160	2338	25169	25170	2305	25171	25165	25173	2285	25177	2362	25162	25175	25179	25176	25178	25181	25167
7754	19769	19794	19771	19751	19777	9426	19752	19753	19770	19772	19789	19760	19807	19754	19803	19783	19812	19813
12618	12642	12628	12641	7533	12643	7519	12621	12639
20812	20814	20817	20833	20834
10318	10543	28908	28800	28808	28789	28809	28862
2257	2267	2322
4562	4598	4647	4669	4575
3411	3830	3460	3812	3557	3488	3738	3651	3531	3887	3639	3769	3675	3451	3423	3546	3613	3626	3770
10324	27103	27111	27102	4899	6866	27118	4871	27127	27128	27091	1925	19552
4950	4902	4908
14168	14191	14214	14200	14199	14221	14204	14289	14190	14181	14171	14249	14303	14285	14302	14295	14277	14294	14274	14210	14299	14291	14260	14269
856	10316	823	8538	10321
7769	9463	9452	9426	9468	9436	9411	9444	9498	7747	9446	9475	7708	7775	9441	9401	7715	9476
4953	4909	4902
8668	7089	3307	3361	18477	18481	3360	18513	18418	18445	18501	3309	8724	18421	18444	18407	18446	3358	18474	18458	18429	18448	18509	8752	18494	18496	18436	18505	18492	18469	18471
9182	9752	9776	10298	2475	9774	9773	1981	9753	9783	9745	3155	6795	9779	6359	9801	9289
8926	8993	8979	8992	9052	8115	8144	8938	9044	9043	9051	8975	8952	9089
862	4254	6793	9182	4253
992	5850	2424	5827	917	5833	5838	983	5808	5801	5796	5792	5881	5797	1019	5883	5814	5867	5805	5893	5892
7905	1279	7936	4456	7941	7968	7914	7920	7971	7917	7919	7927	7922	7959	7952	7910
2530	1924	2428	29	4254	2432
4708	21686	21647	21665	21662	21678	21642	21652	21701
6888	18213	18256	18258	18208	18253	18291	18277	18207	18319	6886	18224	6908	18316	18301	18223	18236	18310	18324	18262	18293	18244	18203	6897	18328	18292	18303	18263	18318	18315	6890
3305	3313	3331	3325	3397	3353	3393	3328	3401	3388	3371	3332	3311	3379	3323	3352	3386	3408	3306	3405
4585	7905	4586	16206	16097	16091	4605	16112	16129	16179	16089	16082	16095	4624	16183	16211	16128	16196	16171	16131	16093	16116
25449	25455	25459	25469	25453	25465	25472	25471	25450	25468	25452	25473	795	25457	25481	25470	25480	25458	25451	25464	25475	25477	25476	25460	25462
12651	28714	12618
19821	19840	19854	19866	19823	19889	19860	19850	19833	19899	19902	19843	19893	19888	19896	19919	19923	19828	9710	19903	19912
2797	18694	2801	2808	2783	16768	6325	27422	2791	2790	2820	22224	27423	27433	27430	27444	2809	22223	27451	27453	27437	27435	27425	27440
5613	5579	5582
493	29	26581	257	26657	2015	26651	2013	26615	518	26629	2046	26631	26606
19183	23603	19122	21534
8436	8473	8521	8451	8518	8519	8467	8446
17141	17210	17256	17150	17178	17184	17192	17333	17248	17287	17200	17222	17143	17154	17261	17147	17312	17255	17228	17193	17217	5565	17249	17279	17158	17259	17298	17182	17238	17274	17283
7797	24829	9453	19786	24913	24826	24793	24802	24803	24848	24919	24888	24863	24884	24862	24847	24933	24957	24842	24849	24800	24824	9488	24907	24852	24877	24853
10102	10177	10198	10209	10294	10179	10221	10223	10267	10185	10233	10204	10140	10134	10156	10256	10219	10200	10168	10186	10289	10114	10215	10203	10132	10194	10290
1530	6895	28080	28076	6049	28078	1534	28077	28055	1531
27132	27272	27165	27170	27197	27157	27228	27219	27187	27222	27212	27247
