2432	2522	4284	2424	9292	9309	4899	9228	9266	3253	9230	9287	2523	9235	9219	9207	9346	9375	6643	9388	9305	9211	2533	9332	9361	9260	9307	9339	9283	7885	9371
1921	1935	1924	1955	337	1954	1940	1933	1927	1959	1946	1944	1958	1938	1936	1956	1949	1925	1941	1923	1939	1961
4866	4847	546
18947	27971	18941	27970	28004	18760	27955	27940	18774	27997	27956
1924	26145	26163	26156	26149	26146	26124	26158	26157	26121	2451	26135	917	6086	2485	2459	5595	4319	26278	26255	26261	26167	26111	26193
8324	8387	8380	8404	8359	8368
4485	18954	4489	18947	18919	18942	18939	4456	18963	18955	18968	14564	18943	18932	14488	18937	18940	18926	18936	18974	18962
7946	7905	17920	17853	18019	17934	17772	17901	18006	17988
6923	6912	4253	6918
5388	5392	5423	5559	5455	5515	5545	5532	5565	5424	5556	5428	5422
14476	14571	14535	5980	14580	6009	14549	14478	14500	8048	7987	14528	14533	14562	14523	5976	14498	5977	14514	14493
9615	22458	22488	22596	22540	22521	22571	22461	22537	22558	22561	22466	22582	22486	22495	22598	22574	22539	22599	22550	22593	22584	22591	22543	22552	22496	22487	22525	22527
6799	2456	822	22438	17354	9396	22437	17342	22444	1017	22445	1011	22434	22443	9392	22432	22423	22431	22439
6928	6912	6918
18704	18705	23791	23771	23770	23797	23775	23788	23774	23789	23768	18707	23793	23777	23783	23779	23769
10513	2428	29
1041	10601	10680	10621	10635	10657	10623	10655	10594	1066	10664	10665	10652	10605
5009	5019	5049	5151	5115	5016	5136	5029	5126
27287	27484	27500	27580	27475	24095	27533	27512	7027	27527	27497	27505	27742	27660	27639	27295
920	10299	823
4249	6020	5984	5985	6000	5987	5980	6011	6003	6017	5986	6027	6031	5976	6026	6013	4247	5994
7705	7797	7750	7760	7775	7807	7804	7756	7783	7738	7711	7761	7801	7795
795	812	822	813	806	808	799	818	17540	800	807	797	821
3100	11298	20812
4254	6309	4899	11682	6409	9313	917	2459	9199	11655	6862	4319	11644	11681	11641	11639	11662	11633
546	4847	4872	4852	4854	4883	4863	4896	562	4864	4897	4901	4884	4880	4859	4882	4873
11298	11310	11323	11316	11303	11320	11317	11305	11308	11301	11299
8739	24756	7089	24734	24745	24720	24779	24776	24739	9515	24759	24758	24757	24737	24764	24746	24768	24781	24760	24748
11300	14677	14734	11316	14678	11303	14723	8127	14672	14688
4902	4913	4965	4948	4966	4946	5008	4943	4972	4968	4944	4918	4995	4961	4937
2598	11984	11955	11966	11949	11908	11960	11911	2596	11944	11921	11900	11925	11889	11894	11946	11906	11989	11883	2611
4908	4909	16736	16763	16771	16770	16773	16751	4920	2851	16784	16732	16782	4943	16752	16767	16750	16759	16728	4922	4921	4904	4979	4941	4957	16760	4995	4961
4909	936	22147	11270	5860	22162	4906	22329	22119	22195	22111	22253	22266	22272	4961	4937
7725	17402	7726	17409	7760	17407	17398	7705	17397	17399	17418	17422	17404	17396
7089	8679	3307	8691	8713	8769	8686	8695	3361	8884	8817	3329	8870	8792	8859	8878	8762	3383	8799	8753	8693	8807	8848	8716	8868
16817	16869	16870	16842
2482	2424	2432
14770	14788	14836	14842	14828	14816	14818	14848	14817	14793	14771	14814	14863	14870	14961	14906	14918	14900	14940	14946	14953	14861	14810	14939	14871	14964	14849
7091	22013	22028	22074	22088	7398	21987	12939	22021
4917	2801	2790	5829	2832	15007	14965	4902	13590	15020	9191	2809	4965	14989	4948	2799	14981	2823	15031	2841	14979	2818	5854	2787	15025	10318	15038	15017	14970	15036
18741	18947	18872	18847	18782	18766	18777	4460	2756	18873	18878	18767	18889	18887	18774	18840	18771	18862
13111	13179	5895	8011	13146	13138	13163	13194	13124	13165	13180	13162	13136	13143	13159	13118	13176	13187	13186
18747	21807	21799	21810	21818	21806	21817	21811	21808	21815	18356	18359	21798
13506	19323	19426	19309	19347	19400	19371	19501	19335	14701	19473	19339	13597	16377	19360	19406	19480	5830	19342	19467	19453	19329	19518	19001	14726	19384	19499	876	19496	19458	19404
2882	2890	2897	3010	2892	2916	2925	2902	2904	2938	3021	3009	2985	2888	3000	2994	3029	2971	3015	2945	3012	3025	3022	3020	2950
8259	8232	8263
15045	15071	15088	15099	15106	15053	15046	15107	15055	15158	15057	15165	15121	15083	15092	15103	15068	7726	15117	15123	15163	15102	15155	15076
8263	9935	8274	8283	9954	9901	9902	9894	10009	9898	10023	9962	9950	9992	9947	10014	9957	9980	10001	10000	9952	9979	9955	8273	9999	9881	10020	9941
4040	4204	4110	4177	4073	4208	4054	4045	4052	4157	4053	4180	4133	4139	4178	4131	4082	4126	4096
25160	25170	25171	2338	25162	25165	25169	25173	2305	2362	2285	25179	25177	25176	25175	25181	25167	25178
7754	19769	19771	19794	19751	19752	19772	19770	19777	19753	19760	19789	19807	9426	19812	19754	19783	19803	19813
8266	8232	8263
20812	20814	20834	20817	20833
19022	19090	19061	19060	19078	19079	19112	19096	19045	19065	19048	19115	19070	19024	19119	19097	19118	19047	19121	19057	19086	19095
10318	28800	10543	28908	28809	28789	28808	28862
8912	8914	8922	8921	8913
4562	4669	4598	4647	4575
18514	18525	18546	18529	18533	18516	18560	18576	18515	18580	18593	18532	18545	18588	18527	18582	18595	18523	8670	18563	18520	18557	18591	18590	18577
9557	9566	9616	9598	9565	9577	9618	9614	9563	9593	9568	9609	9584	9611	9588	9605	9587
14168	14191	14200	14199	14190	14214	14204	14249	14221	14294	14210	14285	14303	14277	14299	14181	14274	14291	14295	14302	14260	14289	14269	14171
7769	9436	9452	9468	9411	9446	9444	9463	7708	9475	9498	9401	9426	7775	7747	9441	7715	9476
10457	10298	9191
9181	4254	9182
5598	5599	5693	7409	7407	7410	5615
25182	25304	25244	25342	25417	25410	25309	25411	25382	25267	25280	25345	25255	25312
9182	9745	9752	9776	9774	10298	9783	6795	9753	3155	9773	9779	1981	6359	2475	9801	9289
5599	5579	13494
992	983	5850	5808	2424	5827	5796	5833	5801	5838	5867	5792	5814	917	5797	5881	5883	5805	5892	5893	1019
4323	4252	4847
4708	21647	21686	21652	21665	21662	21701	21678	21642
8678	14036	14066	14022	8828	13986	14029	8701	14051	14010	13961	14015	13959	13964	13976	14009	13991	14060	14012	13953	13988	14013	14052	8759	8702	14054	7160
7912	18947	7905	4485
25449	25455	795	25469	25465	25453	25459	25471	25472	25450	25452	25475	25473	25481	25468	25470	25451	25464	25480	25458	25477	25457	25462	25476	25460
2797	18694	2801	2790	2783	27422	2808	27444	2791	27423	2809	27451	2820	27453	27437	27433	27430	22224	22223	6325	16768	27425	27435	27440
19821	19854	19840	19866	19833	19823	19850	19889	19860	19843	19896	19893	19923	19919	19899	19912	19902	19888	19828	9710	19903
6895	936	28204	28177	6886	28184	10789	28151	28216	28185	28158	28054	28176	10758	28150	28049	28197	28152
4847	27405	4868	27374	27403	27372	27379	4859	27404	27397	27400
6000	14476	7972
21489	21497	21602	21540	21543	21512	21530	21516	21587	21498
14068	14118	8835	14130	14146	8760	14138	14111	14158	14133	14136
7797	24913	9453	24829	24803	24826	24884	24793	24957	24852	24849	24853	9488	19786	24919	24842	24877	24907	24800	24888	24847	24863	24933	24802	24862	24848	24824
4216	4243	4245	4229	4241	4240	4235	4236	4222	4234	4220	4217	4246	4225	4221	4227	4244	4237
1530	6895	28080	6049	1534	28076	28078	1531	28077	28055
4219	10890	11007	10859	11218	11050	11229	10968	11195	11046	11151
4861	4847	546
19966	20950	21008	20947	20973	20981	20954	20998	20997	20977	21022	20996	20994	20974	21026	21015	20962	21027	20987	21005	20960
21759	21794	7726	21774	21793	21790	9406	21762	21779	21772	7768	21781	21761	21784	21763	15110	21764	21768	21765
