14977	2801	2797
11265	23679	23677	23759	23654	23632	23738	23648	23741	23647	23715	23692	23641	23683	23620	23751	23705	23766	23635	23676	23637	23750	23707	23708	23744	23732	23761	23671	23754	23696	23638
1921	1955	1935	1924	337	1933	1938	1958	1927	1940	1925	1946	1954	1941	1949	1944	1936	1956	1959	1939	1923	1961
18947	27971	28004	27970	18760	27940	18941	27997	27956	18774	27955
7939	18334	7928	18342	18337	18358	18390	18371	18335	18369	18389	7959	18366	18373	18399	7945
4485	18954	4489	18939	18963	18942	18947	4456	18919	18955	14488	18968	18937	14564	18932	18943	18936	18926	18940	18974	18962
6793	19935	19976	19980	917	19948	6699	2475	823	19965	19952	19951	19975	16269
7946	17920	17853	7905	18019	17934	17772	17901	17988	18006
3338	20313	20445	20516	20455
19595	20868	20875	20870	20929	20921	1570	20922	1533	20859	20895	1554	20886	20865
6923	6912	4253	6918
9615	22458	22537	22540	22488	22558	22596	22495	22582	22461	22571	22521	22539	22561	22598	22486	22466	22574	22599	22584	22487	22593	22543	22591	22552	22525	22496	22550	22527
6799	822	2456	9396	22437	1017	1011	22443	22445	22444	22438	17342	9392	17354	22423	22434	22431	22439	22432
18703	18738	4997	18730	18737	18740	18721	18711	18719	18739	18717	18727	18736	18732	18723	6145	18733	6805	18715	11264
18704	23770	23791	18707	18705	23774	23797	23793	23777	23775	23771	23768	23789	23783	23788	23779	23769
6928	6912	6918
2449	3220	3238	3112	3037	29	3093	3272	3158	3288	3105	3050	3225	3040	3164	2428	3036	3256
10513	29	2428
18708	23583	18712	23569
20247	26733	22371	13335	26755
920	823	10299
4249	5984	6020	6000	5980	5986	5985	5987	6003	6011	6017	5976	6013	6027	6031	6026	4247	5994
795	812	808	813	822	799	818	806	17540	800	797	807	821
29	4252	0	547	1991	3244	10557	603	45	602	1973	10506	10511	1977	2071	10540
4254	6309	11682	6409	917	9313	9199	2459	6862	4319	4899	11655	11639	11633	11641	11681	11644	11662
11298	11310	11323	11320	11316	11308	11303	11301	11305	11317	11299
8739	24776	24745	7089	9515	24758	24756	24720	24779	24739	24734	24757	24781	24737	24759	24760	24746	24764	24768	24748
11300	14678	8127	11316	14734	14723	11303	14672	14677	14688
6309	6583	6519	6605	6463	6548	6380	6727	6573	6653
2598	2596	11984	11889	11949	11908	11911	11921	11966	11925	11960	11900	11894	11946	11955	11989	11883	11944	11906	2611
4902	4913	4948	4965	4946	4966	5008	4944	4943	4918	4972	4968	4995	4961	4937
15914	8786	15979	15937	15972	15989	15962	15922	15949
4908	16763	4909	16771	16751	16736	4920	16773	16767	2851	16770	4921	16759	4979	16750	16728	16784	16782	16752	16732	4943	4922	4941	16760	4957	4904	4995	4961
7725	17402	7726	17398	17409	17397	7760	17407	7705	17404	17399	17418	17422	17396
4909	22147	936	11270	5860	22162	22195	22329	22111	22119	22253	4906	22266	22272	4961	4937
2350	20051	20015	20101	20055	20059	20073	20058	20023	20012	20021	20057	2369	20022	20060	20027	20061	20100	20066	2370	20107	20081	20026	20046	20069	20080	20017	2360
7089	8679	3307	8713	8686	8817	8884	8769	8695	8691	3361	3329	8859	8870	8807	8792	8799	8762	8878	8848	8693	8753	3383	8868	8716
16817	16869	16842	16870
19635	21755	21729	21711	19654	19714
4917	5829	13590	15007	2801	2832	4948	15020	4902	4965	14981	9191	2787	2823	14965	2809	2790	14989	2799	10318	2841	15038	14979	15031	5854	15017	14970	15025	2818	15036
18741	18847	18872	18947	18777	4460	18782	18873	18889	2756	18887	18878	18767	18766	18771	18862	18840	18774
10298	10442	10398	10389	10313	10496	10403	10490	10366	10351	10327	10466	10379	10371	10417	10359	10449	10431	10489	10345	10341	10488	10429
698	700	711	712	713	728	736	747	779	734	761	735	706	780	710	745	707	792	770	754	753	705	783	730	759	724	793	778
18747	21810	21817	21807	21806	21799	21815	21818	21811	18356	21808	18359	21798
10299	11353	11352	11381	11330	11379	11380	11374	11394	11384	11341	11364	11397	11363	11349	11391	11393	11336	11386	11392	11396	11334	11348	11357	11344	11373	11355	11372	11350	11389
10049	11819	11845	11848	21864	11825	11866	11879	11832	11877	11830	11875	11855	11847	11865	10048	2111	11840	11867	2136	11868	11817	10071	11870	11860	11842	11814
21826	23315	23224	23305	23228	23308	23290	2101	23283	23245	23223	23265	2155
2882	3010	2890	2916	2897	3000	2892	2985	2925	2938	2888	2902	2971	3021	2904	3009	3025	2950	3029	3015	3012	2994	3020	2945	3022
8259	8232	8263
10316	11811	822	4254	10298	4886	4872	24280	24287	24276	24279	24272	24269	11760	24274	2065	4871	11725	11680	24278	11759	24281	11698	11691	11626	24271
19022	19061	19090	19078	19112	19060	19096	19079	19045	19048	19065	19118	19115	19070	19119	19097	19024	19121	19057	19047	19095	19086
10318	28800	10543	28809	28908	28808	28862	28789
10321	28099	28091	28103	28102	28089	28100	28090	28115	4269	28088	28104	28094	28093	28107	28109	28122	28133	28138	28106
18514	18580	18525	18546	18529	18560	18593	18515	18576	18533	18516	18532	18582	18545	18588	18520	8670	18527	18523	18595	18563	18590	18557	18577	18591
4562	4669	4598	4647	4575
3411	3423	3830	3451	3460	3812	3738	3651	3557	3887	3613	3488	3546	3770	3769	3675	3626	3639	3531
9557	9566	9616	9565	9598	9618	9577	9568	9593	9588	9614	9563	9584	9605	9609	9587	9611
4950	4902	4908
4695	4698	4736	4771	4831	4756	4789	4791	4709	4728	4768	4737	4772	4748	4739
14168	14214	14285	14191	14200	14210	14294	14221	14249	14299	14204	14303	14277	14199	14291	14274	14190	14260	14181	14269	14295	14171	14289	14302
10457	9191	10298
8668	3360	3307	7089	18458	18513	18421	3361	18477	3309	18446	18436	18509	18407	18474	18418	18496	18505	18448	18494	8724	18469	18492	18445	18429	18501	3358	18444	18481	18471	8752
2141	12465	21864	2100
8926	9052	8144	8992	8993	8938	9043	8979	8115	8952	9044	8975	9089	9051
9182	9752	9745	9783	9774	9776	6795	9779	9773	10298	3155	2475	6359	9801	9753	1981	9289
5599	5579	13494
992	5850	5833	5796	983	5808	2424	5792	5801	917	5838	5814	5827	5867	5881	5797	5883	5893	5892	5805	1019
8678	14066	8828	14029	14036	14022	13986	13988	14051	13953	13976	14015	13961	8701	8702	14052	14012	13964	13959	13991	8759	14013	14060	14010	14054	14009	7160
9191	21160	19532	88	21157	13590	16238	21148	21175	21143	21144	21142	21151	10935	21156	2817	21167	15248	21149	21182	21186	21139	8611	21188
6888	18253	18213	18291	18256	18258	18277	18208	18207	18223	18236	18301	18316	6886	18203	18293	18224	18310	18244	18315	18263	6897	18319	18324	18303	18262	6908	18328	18292	6890	18318
12651	28714	12618
2797	27423	2801	27422	18694	2783	27444	27433	2808	2809	2790	27453	22224	27451	27437	22223	6325	2820	2791	16768	27430	27425	27435	27440
4845	4847	546
19183	21534	19122	23603
4847	27403	27374	4868	27405	27372	27379	27404	4859	27397	27400
13295	13395	13420	13338	13465	13367	13321	13469	13373	13372	13335	13352	13380	13457	13353	13385	13297	13462	13381
7024	7251	7131	7223	7262	7257	7233	7072	7287	7295	7167	7319	7293	7254	7264	7302	7217	7058	7044	7149	7303	7170	7081	7288	7306	7242	7035	7238	7068
21489	21497	21540	21512	21543	21602	21516	21587	21498	21530
883	9191	823
7797	9453	24913	24957	24829	24826	24803	24842	19786	24849	9488	24853	24793	24877	24800	24852	24847	24848	24884	24919	24862	24863	24907	24888	24933	24802	24824
4216	4243	4229	4220	4240	4234	4245	4225	4241	4236	4222	4217	4235	4246	4221	4244	4227	4237
1530	1534	6049	6895	1531	28080	28077	28078	28076	28055
9595	17486	17459	17495	17431	17482	17521	17506	17529	17463	17522	17530	17523	17528	17533	17526	17479
12540	12612	12557	12579	12615	12610	12592	12560	12569	12604	12602	12608	12564	12613	12566
27132	27272	27157	27228	27170	27197	27187	27212	27165	27219	27247	27222
2428	19532	19556	19551	19567	10537	5833	822	19538	2424	19547	19564	1995	10523	13569	3253	17541	6728	9195	19544	2475	2433	19568	19542	19580	9273	6475
19966	20950	20973	20981	21008	20947	20977	20997	20954	20998	21022	20996	21026	20994	20960	20974	21015	20962	21005	21027	20987
