6912	88	6929	6998	7005	6985	6956	6955	6966	6933	7001	7023	6915	6916	6917	6961	7012	6975	6972	6971	7022	6987	6938	6918	7010	7015
2432	4284	9309	9230	9292	4899	9219	2522	9375	2424	9305	9266	9260	9287	9207	2533	9228	9211	9346	3253	9332	9235	6643	9388	2523	9361	9307	9283	9371	9339	7885
14977	2801	2797
1921	1955	1927	1940	1959	1954	337	1938	1935	1944	1949	1933	1936	1924	1946	1958	1923	1939	1956	1925	1961	1941
18947	27971	27970	28004	18760	18774	27940	27955	18941	27956	27997
8324	8387	8380	8404	8368	8359
1924	26145	26149	26163	26156	26146	26157	26124	26158	26121	26135	917	2451	2485	2459	4319	5595	26111	26255	6086	26167	26193	26278	26261
1544	6069	6054	6074	6044	1566	1533	1528	6051	6065	6064	6075	1539	6076	1546	1530	6036	6061	1561	1553	6068	6062
6793	19951	2475	19975	19952	6699	19965	917	19976	19980	16269	823	19935	19948
3338	20516	20445	20455	20313
19595	20868	1570	20870	20875	20921	20929	1533	20859	20886	20895	1554	20865	20922
6923	4253	6912	6918
6799	2456	22445	22438	17342	17354	22434	822	22437	22444	1011	9396	22443	1017	22423	9392	22431	22439	22432
9615	22540	22461	22458	22582	22488	22596	22558	22561	22521	22537	22495	22466	22486	22487	22598	22539	22571	22543	22584	22593	22552	22599	22527	22525	22574	22496	22550	22591
21904	26457	2890	12506	21884	26491	21865	21903	26509	26465	26516	12497	26488	21875	26493	26499	26513	26539	21935	26455	26481	26460	26468	26545	26462	21864	26497	26506	26496	26507	26544
10513	29	2428
2449	3220	3093	3037	3158	3050	3272	3112	3036	3164	3238	3225	29	3040	3288	2428	3105	3256
18708	23583	23569	18712
27287	27500	27580	27475	27484	27512	24095	27533	27742	27660	7027	27527	27505	27497	27295	27639
920	10299	823
3100	11298	20812
4252	4312	4332	4417	4431	4391	2463	4420	4260	4255	1948	2459	4269	4393	4384	4395	2472	4300	4385
21534	23605	23609	23597	23613	23595	19122	23599	21536	19157	21583	19124	19176	23611	23614	23598	19141	19147	19194	23606	19208	23612	19146	23617
30	2432	8558
11298	11310	11305	11301	11316	11323	11303	11317	11320	11308	11299
4902	4965	4913	4946	4948	4995	4918	4968	4972	5008	4966	4943	4944	4937	4961
2598	11908	11984	11949	11960	11946	11955	11925	11889	11911	11921	11989	11944	2596	11966	11900	11906	11883	11894	2611
28714	28715	28773	28751	28788	28716	8679	28733	28781	28754	28727	28772	28748	28785	28738	8835	28780	28770	28746
21034	21042	21095	21127	21109	21047	21043	21069
4908	4909	16736	16771	16773	16751	16770	16767	16763	4979	2851	16732	4920	4995	16750	16728	4957	16759	16784	4943	4941	4904	16752	16760	16782	4921	4922	4961
7725	7726	17398	17397	17402	17409	17407	17399	7760	17396	7705	17404	17422	17418
7089	3307	8695	3361	8817	8884	8679	8807	8713	8686	8769	8691	8693	8792	3329	8859	8799	8753	8870	8868	8848	3383	8878	8762	8716
16817	16869	16842	16870
7091	21987	22074	22088	22028	22013	12939	7398	22021
8115	8194	8177	8123	8229	8181	8125	8116	8166	8122	8126	8171	8210	8212	8197
19635	21755	19654	21711	21729	19714
2100	2204	2118	2129	2120	2112	2144	2220	21864	2143	2199	2138	2167	2212	2108	2126	2246	2172	2211	2214	2110	2193	2196	2203	2210	2189	2207	2124	2142	2238	2185
18741	18872	18847	18782	18766	18889	4460	18947	18777	18774	18887	18873	18767	18878	2756	18771	18840	18862
823	928	936	847	903	606	887	848	889	931	2432	963	888	8558	863	695	911	836	539	859	886	924	840
698	712	713	711	700	734	728	747	736	745	779	710	735	706	754	724	730	705	783	761	780	792	707	753	770	759	793	778
18747	21810	21817	21799	21818	21815	21807	21808	18356	21806	21811	18359	21798
10299	11330	11353	11352	11374	11379	11363	11381	11364	11349	11384	11380	11357	11341	11397	11336	11391	11393	11394	11373	11389	11334	11396	11344	11386	11350	11372	11348	11355	11392
4796	25504	25519
13506	19323	19309	19339	19347	19371	19360	19400	19406	19426	13597	19335	19480	19501	19384	19342	19518	19473	14701	19001	5830	19329	19499	19453	14726	16377	19467	19496	19458	876	19404
21826	23315	23265	23224	23290	23308	23228	2101	23283	23305	23245	23223	2155
14659	21339	21365	21342	21362	21341	21349	21373	21356
8259	8263	8232
8134	12778	12805	12787	12845	12819	12818	8214	12806	12759	12863	12789	12886	12856	12826	12849	12883	12812
25160	25169	2338	25165	25170	2305	25179	2362	2285	25162	25178	25181	25171	25177	25173	25167	25175	25176
4040	4204	4110	4177	4053	4208	4096	4082	4045	4073	4139	4133	4157	4052	4180	4126	4131	4054	4178
12618	12628	12641	12642	7533	12643	7519	12639	12621
8266	8263	8232
20812	20814	20817	20833	20834
10316	4872	11811	24279	4254	24274	24276	822	4886	24287	24269	11760	24271	24280	4871	11759	10298	11725	24272	11691	11680	2065	11698	24281	24278	11626
8912	8914	8921	8913	8922
10321	28100	28103	28099	28090	28089	28102	28091	28115	28093	28122	28088	4269	28107	28094	28106	28104	28138	28109	28133
18514	18525	18533	18515	18546	18560	18576	18529	18580	18516	18532	18527	18523	18545	18588	18593	18582	18595	18557	18563	18520	8670	18577	18590	18591
4562	4598	4669	4647	4575
9557	9598	9566	9616	9577	9565	9568	9618	9588	9609	9611	9584	9614	9605	9593	9563	9587
14168	14191	14200	14214	14199	14221	14181	14204	14210	14190	14303	14285	14289	14294	14299	14295	14274	14249	14291	14269	14277	14171	14260	14302
856	10321	10316	8538	823
4953	4909	4902
7769	9436	9468	9463	9452	9411	9498	7747	7708	9444	9426	9475	9446	7715	7775	9401	9476	9441
10457	9191	10298
12634	12618	7028
2141	12465	21864	2100
5598	7409	5693	7410	7407	5599	5615
8670	24224	13966	24212	24247	24259	8781	13999	24233	24201	24254	24169	24166	24200	24190	24183
5599	5579	13494
992	5850	5833	5801	5808	5838	2424	5827	5867	5792	5881	5796	917	5814	983	5797	5893	5892	5883	5805	1019
4323	4847	4252
4708	21686	21652	21647	21662	21665	21701	21642	21678
9191	88	2817	19532	16238	13590	21143	10935	21160	21151	21157	21175	21144	21148	21156	15248	21142	21188	21182	21167	21139	21186	8611	21149
4585	16179	4605	16112	4586	16091	16206	7905	16129	16089	16183	16082	16095	16211	16116	16097	4624	16171	16128	16131	16093	16196
25449	25455	25469	25459	25465	25450	25471	25472	25473	25470	25453	25468	25452	25475	25481	25460	25464	25451	25477	25458	25480	25462	25476	25457	795
15082	15045	7797
19821	19854	19833	19866	19840	19823	19860	19889	19843	19850	19899	19902	19888	19896	19919	19893	9710	19912	19923	19828	19903
4845	4847	546
13295	13395	13321	13465	13338	13367	13420	13335	13373	13380	13385	13469	13381	13372	13297	13353	13462	13457	13352
19183	23603	21534	19122
7024	7251	7262	7131	7257	7287	7254	7072	7233	7217	7058	7264	7170	7223	7081	7149	7319	7293	7288	7167	7044	7306	7295	7035	7242	7302	7303	7068	7238
8436	8521	8473	8451	8518	8519	8467	8446
14068	14118	14146	8760	14130	14158	14138	8835	14111	14136	14133
7797	24913	24826	9453	24829	24793	24957	19786	24907	24847	24862	24884	24803	24933	24842	24848	9488	24800	24802	24824	24919	24888	24852	24849	24877	24863	24853
4219	10890	11007	11050	11046	11218	10859	10968	11151	11229	11195
4861	4847	546
21759	9406	7726	21774	21772	21779	7768	21765	21761	21762	21764	21794	21781	21790	21793	21763	21784	15110	21768
