19595	20929	1570
19595	20929	1533
19595	20929	20886
19595	20929	20922
19595	20929	20870
19595	20929	20859
19595	20929	20895
19595	20929	20868
19595	20929	1554
19595	20929	20875
3100	20812	11298
19183	21534	19122
7024	7035	7287
7024	7035	7288
7024	7035	7233
7024	7035	7306
7024	7035	7293
7024	7035	7068
7024	7035	7167
7024	7035	7217
7024	7035	7319
7024	7035	7302
7024	7035	7149
7024	7035	7058
7024	7035	7242
7024	7035	7081
7024	7035	7223
7024	7035	7295
7024	7035	7264
7024	7035	7238
3338	20445	20313
3338	20445	20516
2463	2424	917
2463	2424	1011
2463	2424	6862
7905	7920	7936
7905	7920	7959
7905	7920	7968
7905	7920	7922
7905	7920	7910
7905	7920	7927
7905	7920	7941
7905	7920	4456
7905	7920	7952
7905	7920	7914
4254	4899	917
4254	4899	2459
4254	4899	4319
4254	4899	6309
4254	4899	11633
4254	4899	11644
4254	4899	6862
4254	4899	9199
4254	4899	11639
4254	4899	11682
4254	4899	11655
4254	4899	9313
4254	4899	11681
4254	4899	11662
4254	4899	11641
4254	4899	6409
10102	10294	10204
10102	10294	10200
10102	10294	10194
10102	10294	10215
10102	10294	10219
10102	10294	10114
10102	10294	10209
10102	10294	10134
10102	10294	10233
10102	10294	10140
10102	10294	10168
10102	10294	10156
10102	10294	10132
10102	10294	10186
10102	10294	10179
10102	10294	10289
10102	10294	10221
10102	10294	10203
10102	10294	10177
10102	10294	10185
14476	6009	14549
14476	6009	14571
14476	6009	14498
14476	6009	14562
14476	6009	14478
14476	6009	5980
14476	6009	14523
14476	6009	14580
14476	6009	14535
14476	6009	14514
11300	14723	14678
11300	14723	14677
11300	14723	8127
11300	14723	11303
11300	14723	14688
11300	14723	11316
11300	14723	14734
10318	10543	28809
10318	10543	28789
10318	10543	28808
10318	10543	28862
2428	19532	3253
2428	19532	2424
2428	19532	5833
2428	19532	2433
2428	19532	17541
2428	19532	2475
2428	19532	822
2428	19532	13569
2428	19532	9273
2428	19532	19568
2428	19532	19542
2428	19532	6475
2428	19532	6728
2428	19532	10523
2428	19532	19567
2428	19532	19538
2428	19532	19580
2428	19532	19544
4253	88	4698
4253	88	2429
4253	88	1017
4253	88	16309
4253	88	5829
4253	88	24002
4253	88	23941
4253	88	23970
4253	88	23930
4253	88	23944
4253	88	24039
4253	88	6970
4253	88	23940
4253	88	23956
4253	88	24035
4253	88	925
4253	88	24034
4253	88	23968
4253	88	23980
4253	88	24027
12618	12628	12643
12618	12628	12621
12618	12628	12641
12618	12628	7519
12618	12628	7533
12618	12628	12642
546	4847	562
546	4847	4864
546	4847	4883
546	4847	4884
546	4847	4852
546	4847	4896
546	4847	4880
10049	11875	21864
10049	11875	11819
10049	11875	10048
10049	11875	11870
10049	11875	11817
10049	11875	11879
10049	11875	2111
10049	11875	2136
10049	11875	11814
10049	11875	10071
10049	11875	11866
10049	11875	11860
10049	11875	11842
10049	11875	11832
10049	11875	11830
10049	11875	11855
10049	11875	11877
10049	11875	11865
10049	11875	11868
10049	11875	11867
10298	10442	10345
10298	10442	10366
10298	10442	10429
10298	10442	10379
10298	10442	10359
10298	10442	10351
10298	10442	10417
10298	10442	10490
10298	10442	10327
10298	10442	10398
10298	10442	10371
10298	10442	10466
10298	10442	10496
10298	10442	10313
10298	10442	10489
10298	10442	10389
10298	10442	10431
10298	10442	10488
5598	5599	5693
5598	5599	7409
5598	5599	7410
5598	5599	5615
5598	5599	7407
9191	2817	21186
9191	2817	15248
9191	2817	21156
9191	2817	88
9191	2817	21182
9191	2817	21142
9191	2817	21144
9191	2817	21160
9191	2817	19532
9191	2817	21167
9191	2817	21151
9191	2817	21188
9191	2817	21139
4902	4972	4937
4902	4972	4961
4902	4972	4965
4902	4972	4913
4902	4972	4966
4902	4972	4943
4902	4972	4995
4902	4972	5008
4902	4972	4944
4902	4972	4968
4902	4972	4918
4902	4972	4946
8739	9515	24746
8739	9515	24739
8739	9515	24756
8739	9515	24758
8739	9515	24737
8739	9515	24781
8739	9515	24776
8739	9515	24757
8739	9515	24764
8739	9515	24734
8739	9515	24745
8739	9515	24748
4252	4417	4269
4252	4417	2459
4252	4417	4385
4252	4417	4393
4252	4417	4395
4252	4417	2472
4252	4417	4384
4252	4417	4260
4252	4417	4300
4252	4417	4255
4252	4417	4420
4252	4417	2463
856	10316	8538
856	10316	10321
856	10316	823
2432	9346	4899
2432	9346	9361
2432	9346	9283
2432	9346	9388
2432	9346	9228
2432	9346	9230
2432	9346	2523
2432	9346	9260
2432	9346	6643
2432	9346	3253
2432	9346	2533
2432	9346	7885
2432	9346	9307
2432	9346	9339
2432	9346	2522
2432	9346	9332
2432	9346	9305
2432	9346	4284
2432	9346	9309
2432	9346	9211
1530	6895	6049
1530	6895	28077
1530	6895	28076
1530	6895	28080
1530	6895	28055
1530	6895	28078
1530	6895	1531
1530	6895	1534
11298	11305	11303
11298	11305	11316
11298	11305	11308
11298	11305	11299
11298	11305	11323
11298	11305	11310
11298	11305	11301
11566	14068	11554
11566	14068	28714
8926	8938	8115
8926	8938	8952
8926	8938	9052
8926	8938	8993
8926	8938	8979
8926	8938	8992
8926	8938	9044
8926	8938	8975
8926	8938	9089
8926	8938	9051
8926	8938	8144
12634	12618	7028
14068	8760	14118
14068	8760	14138
14068	8760	14111
14068	8760	14158
14068	8760	14130
14068	8760	14136
14068	8760	14133
14068	8760	14146
21904	26516	26457
21904	26516	26539
21904	26516	26513
21904	26516	26493
21904	26516	26499
21904	26516	26507
21904	26516	26545
21904	26516	26481
21904	26516	26506
21904	26516	26488
21904	26516	21935
21904	26516	26468
21904	26516	26462
21904	26516	26496
21904	26516	26544
21904	26516	26497
21904	26516	21865
21904	26516	26491
21904	26516	26509
21904	26516	12506
15045	7726	15163
15045	7726	15106
15045	7726	15057
15045	7726	15123
15045	7726	15055
15045	7726	15092
15045	7726	15155
15045	7726	15103
15045	7726	15102
15045	7726	15068
15045	7726	15158
15045	7726	15046
15045	7726	15076
9615	22458	22593
9615	22458	22591
9615	22458	22571
9615	22458	22558
9615	22458	22584
9615	22458	22550
9615	22458	22574
9615	22458	22487
9615	22458	22599
9615	22458	22596
9615	22458	22525
9615	22458	22598
9615	22458	22495
9615	22458	22496
9615	22458	22539
9615	22458	22527
9615	22458	22543
9615	22458	22552
4485	14488	18947
4485	14488	4456
4485	14488	18954
4485	14488	18942
4485	14488	18955
4485	14488	18919
4485	14488	18937
4485	14488	18974
4485	14488	18940
4485	14488	18943
4485	14488	18962
4485	14488	4489
4485	14488	18968
4485	14488	18936
4485	14488	18963
4485	14488	18939
4485	14488	18932
4485	14488	14564
30	2432	8558
2610	12921	2596
2610	12921	2611
2610	12921	12912
2610	12921	12914
2610	12921	12908
2610	12921	12923
2610	12921	12915
2610	12921	12918
4216	4245	4236
4216	4245	4217
4216	4245	4221
4216	4245	4225
4216	4245	4234
4216	4245	4235
4216	4245	4243
4216	4245	4244
4216	4245	4241
4216	4245	4240
4216	4245	4237
4216	4245	4222
4216	4245	4246
4216	4245	4229
4216	4245	4220
4216	4245	4227
14659	21373	21362
14659	21373	21356
14659	21373	21339
14659	21373	21341
14659	21373	21349
14659	21373	21342
19122	19211	19184
19122	19211	19181
19122	19211	19156
19122	19211	19191
19122	19211	19189
19122	19211	19147
19122	19211	19146
19122	19211	19204
19122	19211	19215
19122	19211	19177
19122	19211	19130
19122	19211	19185
19122	19211	19128
19122	19211	19187
7725	17397	7705
7725	17397	7760
7725	17397	7726
7725	17397	17409
7725	17397	17399
7725	17397	17422
7725	17397	17407
7725	17397	17418
7725	17397	17396
7725	17397	17402
27287	27497	27533
27287	27497	27295
27287	27497	27505
27287	27497	27639
27287	27497	7027
27287	27497	27475
27287	27497	24095
27287	27497	27527
27287	27497	27742
27287	27497	27660
27287	27497	27512
10316	10298	4871
10316	10298	4872
10316	10298	11759
10316	10298	24271
10316	10298	24281
10316	10298	24272
10316	10298	11811
10316	10298	11691
10316	10298	24278
10316	10298	11725
10316	10298	24287
10316	10298	4886
10316	10298	24274
10316	10298	24269
10316	10298	11680
10316	10298	11626
10316	10298	24276
10316	10298	24280
10316	10298	2065
10316	10298	11760
4917	9191	13590
4917	9191	4902
4917	9191	4965
4917	9191	4948
4917	9191	5829
4917	9191	14979
4917	9191	2818
4917	9191	14989
4917	9191	14970
4917	9191	14965
4917	9191	15020
4917	9191	15038
4917	9191	10318
4917	9191	14981
4917	9191	15017
4917	9191	2799
4917	9191	15025
4917	9191	15031
4917	9191	15007
2257	2267	2322
12540	12615	12604
12540	12615	12610
12540	12615	12602
12540	12615	12579
12540	12615	12613
12540	12615	12608
12540	12615	12592
12540	12615	12564
12540	12615	12560
12540	12615	12612
12540	12615	12569
12540	12615	12566
8263	9950	9952
8263	9950	10001
8263	9950	9999
8263	9950	9947
8263	9950	9957
8263	9950	9992
8263	9950	10023
8263	9950	9955
8263	9950	9979
8263	9950	10014
8263	9950	10009
8263	9950	9962
8263	9950	10000
8263	9950	9980
8263	9950	9941
8263	9950	10020
8263	9950	9881
21534	19141	19122
21534	19141	19147
21534	19141	19146
21534	19141	19208
21534	19141	23617
21534	19141	21536
21534	19141	19194
21534	19141	19157
21534	19141	21583
21534	19141	19124
21534	19141	19176
21534	19141	23612
21534	19141	23606
9557	9614	9611
9557	9614	9605
9557	9614	9588
9557	9614	9577
9557	9614	9568
9557	9614	9584
9557	9614	9593
9557	9614	9598
9557	9614	9618
9557	9614	9563
9557	9614	9587
19966	20950	21005
19966	20950	20960
19966	20950	20994
19966	20950	20987
19966	20950	20962
19966	20950	20974
19966	20950	21026
19966	20950	21027
19966	20950	21015
19966	20950	21022
8115	8229	8126
8115	8229	8197
8115	8229	8122
8115	8229	8181
8115	8229	8210
8115	8229	8212
8115	8229	8116
8115	8229	8194
8115	8229	8171
8115	8229	8177
5009	5049	5136
5009	5049	5029
5009	5049	5126
5009	5049	5019
5009	5049	5016
5009	5049	5151
27132	27170	27247
27132	27170	27157
27132	27170	27219
27132	27170	27187
27132	27170	27272
27132	27170	27212
27132	27170	27197
27132	27170	27228
29	10506	602
29	10506	547
29	10506	4252
29	10506	1973
29	10506	1991
29	10506	10540
29	10506	603
29	10506	10557
29	10506	1977
29	10506	10511
29	10506	2071
2797	2791	2801
2797	2791	27433
2797	2791	27444
2797	2791	27453
2797	2791	22223
2797	2791	27425
2797	2791	2790
2797	2791	27423
2797	2791	27435
2797	2791	6325
2797	2791	22224
2797	2791	27440
2797	2791	16768
15914	8786	15949
15914	8786	15922
15914	8786	15962
15914	8786	15989
15914	8786	15937
15914	8786	15979
15914	8786	15972
4219	10968	11151
4219	10968	11195
4219	10968	11050
9515	9529	9553
9515	9529	9538
9515	9529	9534
9515	9529	9535
2449	2428	29
2449	2428	3272
2449	2428	3225
2449	2428	3164
2449	2428	3093
2449	2428	3288
2449	2428	3238
2449	2428	3105
2449	2428	3036
2449	2428	3050
2449	2428	3040
2449	2428	3112
2449	2428	3158
2449	2428	3037
2449	2428	3220
2449	2428	3256
6912	6933	88
6912	6933	6918
6912	6933	6987
6912	6933	6972
6912	6933	7005
6912	6933	6998
6912	6933	6917
6912	6933	6975
6912	6933	7015
6912	6933	6971
6912	6933	6955
6912	6933	6985
6912	6933	7010
6912	6933	6961
6912	6933	6938
6912	6933	7001
4040	4052	4110
4040	4052	4180
4040	4052	4157
4040	4052	4139
4040	4052	4133
4040	4052	4208
4040	4052	4131
4040	4052	4096
4040	4052	4178
4040	4052	4045
4040	4052	4204
4040	4052	4126
8912	8913	8922
8912	8913	8921
8912	8913	8914
14977	2797	2801
7797	24907	24849
7797	24907	24853
7797	24907	24824
7797	24907	24863
7797	24907	24793
7797	24907	24842
7797	24907	24800
7797	24907	24933
7797	24907	24888
7797	24907	24862
7797	24907	24919
7797	24907	24829
7797	24907	24884
7797	24907	9453
7797	24907	24848
7797	24907	24957
7797	24907	9488
7797	24907	24877
7797	24907	24826
7797	24907	19786
1924	26121	917
1924	26121	2459
1924	26121	26255
1924	26121	26193
1924	26121	26167
1924	26121	2451
1924	26121	26278
1924	26121	26111
1924	26121	26261
1924	26121	2485
1924	26121	6086
1924	26121	5595
1924	26121	4319
4695	4789	4698
4695	4789	4728
4695	4789	4768
4695	4789	4737
4695	4789	4771
4695	4789	4739
4695	4789	4748
4695	4789	4709
4695	4789	4756
4695	4789	4791
4695	4789	4772
4695	4789	4831
21034	21109	21043
21034	21109	21042
21034	21109	21069
21034	21109	21047
9182	9776	10298
9182	9776	2475
9182	9776	6359
9182	9776	1981
9182	9776	9753
9182	9776	9783
9182	9776	6795
9182	9776	9289
9182	9776	3155
9182	9776	9774
9182	9776	9752
2530	2428	4254
2100	2118	21864
2100	2118	2108
2100	2118	2210
2100	2118	2199
2100	2118	2193
2100	2118	2246
2100	2118	2110
2100	2118	2211
2100	2118	2238
2100	2118	2142
2100	2118	2220
2100	2118	2143
2100	2118	2189
2100	2118	2185
2100	2118	2196
2100	2118	2144
2100	2118	2112
2100	2118	2214
2100	2118	2172
2100	2118	2124
8266	8232	8263
698	712	761
698	712	780
698	712	793
698	712	779
698	712	778
698	712	730
698	712	735
698	712	759
698	712	745
698	712	783
698	712	707
698	712	713
698	712	736
698	712	724
698	712	753
698	712	792
698	712	770
6923	6918	6912
6923	6918	4253
8134	12863	12805
8134	12863	8214
8134	12863	12826
8134	12863	12886
8134	12863	12787
8134	12863	12806
8134	12863	12812
8134	12863	12818
8134	12863	12759
8134	12863	12883
8134	12863	12856
8134	12863	12778
8134	12863	12845
8134	12863	12789
8134	12863	12819
8134	12863	12849
6895	28177	6886
6895	28177	936
6895	28177	28185
6895	28177	28204
6895	28177	28152
6895	28177	28176
6895	28177	10758
6895	28177	28049
6895	28177	28054
6895	28177	28150
6895	28177	28184
6895	28177	28197
6895	28177	28158
6895	28177	28151
6895	28177	10789
6895	28177	28216
18704	23797	23774
18704	23797	23783
18704	23797	23779
18704	23797	23791
18704	23797	23771
18704	23797	23770
18704	23797	23793
18704	23797	23788
18704	23797	23768
18704	23797	23775
18704	23797	18705
18704	23797	23769
18704	23797	18707
18704	23797	23777
18704	23797	23789
8678	14066	13988
8678	14066	14060
8678	14066	8701
8678	14066	13953
8678	14066	13986
8678	14066	14029
8678	14066	13976
8678	14066	7160
8678	14066	8759
8678	14066	14036
8678	14066	13961
8678	14066	8828
8678	14066	13964
8678	14066	8702
8678	14066	14013
8678	14066	14010
8678	14066	14015
8678	14066	14009
8678	14066	14052
8678	14066	14012
13295	13335	13321
13295	13335	13420
13295	13335	13381
13295	13335	13372
13295	13335	13297
13295	13335	13373
13295	13335	13353
13295	13335	13338
13295	13335	13385
13295	13335	13465
13295	13335	13380
13295	13335	13395
13295	13335	13469
13295	13335	13367
13295	13335	13462
13295	13335	13352
13111	13162	13146
13111	13162	13163
13111	13162	13187
13111	13162	13159
13111	13162	13143
13111	13162	13138
13111	13162	13118
13111	13162	13124
13111	13162	13136
13111	13162	13176
13111	13162	5895
13111	13162	13186
13111	13162	13194
6928	6918	6912
18703	4997	18727
18703	4997	6145
18703	4997	11264
18703	4997	18740
18703	4997	18715
18703	4997	18737
18703	4997	18721
18703	4997	18723
18703	4997	18739
18703	4997	18717
18703	4997	18738
18703	4997	18719
18703	4997	18711
18703	4997	18730
18703	4997	6805
18703	4997	18732
18703	4997	18736
