823	931	2432
823	931	8558
823	931	936
823	931	539
823	931	924
823	931	840
823	931	963
823	931	848
823	931	886
823	931	903
823	931	911
823	931	859
823	931	889
823	931	695
823	931	836
823	931	863
9515	9529	9553
9515	9529	9538
9515	9529	9534
9515	9529	9535
21534	19141	19122
21534	19141	19147
21534	19141	19146
21534	19141	19208
21534	19141	23617
21534	19141	21536
21534	19141	19194
21534	19141	19157
21534	19141	21583
21534	19141	19124
21534	19141	19176
21534	19141	23612
21534	19141	23606
15045	7726	15163
15045	7726	15106
15045	7726	15057
15045	7726	15123
15045	7726	15055
15045	7726	15092
15045	7726	15155
15045	7726	15103
15045	7726	15102
15045	7726	15068
15045	7726	15158
15045	7726	15046
15045	7726	15076
7912	4485	7905
7912	4485	18947
6799	22438	822
6799	22438	22439
6799	22438	2456
6799	22438	17354
6799	22438	1017
6799	22438	22443
6799	22438	9396
6799	22438	17342
6799	22438	22445
6799	22438	22432
6799	22438	22431
6799	22438	22423
6799	22438	1011
6799	22438	22444
13111	13162	13146
13111	13162	13163
13111	13162	13187
13111	13162	13159
13111	13162	13143
13111	13162	13138
13111	13162	13118
13111	13162	13124
13111	13162	13136
13111	13162	13176
13111	13162	5895
13111	13162	13186
13111	13162	13194
13506	19323	16377
13506	19323	19426
13506	19323	14726
13506	19323	19335
13506	19323	19458
13506	19323	19501
13506	19323	19480
13506	19323	19496
13506	19323	14701
13506	19323	19400
13506	19323	19499
13506	19323	19404
13506	19323	19001
13506	19323	13597
13506	19323	19473
13506	19323	5830
13506	19323	19342
13506	19323	19360
13506	19323	876
13506	19323	19467
27287	27497	27533
27287	27497	27295
27287	27497	27505
27287	27497	27639
27287	27497	7027
27287	27497	27475
27287	27497	24095
27287	27497	27527
27287	27497	27742
27287	27497	27660
27287	27497	27512
2262	5355	5320
2262	5355	5317
2262	5355	5280
2262	5355	5336
2262	5355	5362
2262	5355	5345
2262	5355	5303
2262	5355	5338
8668	3307	7089
8668	3307	3361
8668	3307	18505
8668	3307	18444
8668	3307	18509
8668	3307	18436
8668	3307	18448
8668	3307	18501
8668	3307	8724
8668	3307	18474
8668	3307	18481
8668	3307	18496
8668	3307	18429
8668	3307	18407
8668	3307	3309
8668	3307	18494
8668	3307	18513
8668	3307	18446
8668	3307	18471
8668	3307	18469
6888	18207	18319
6888	18207	18244
6888	18207	18224
6888	18207	18203
6888	18207	6886
6888	18207	18262
6888	18207	18301
6888	18207	18310
6888	18207	18293
6888	18207	6897
6888	18207	6890
6888	18207	6908
6888	18207	18303
6888	18207	18223
6888	18207	18316
6888	18207	18328
6888	18207	18318
6888	18207	18324
6888	18207	18315
6888	18207	18236
7091	22074	7398
7091	22074	22013
7091	22074	21987
7091	22074	12939
3338	20445	20313
3338	20445	20516
4216	4245	4236
4216	4245	4217
4216	4245	4221
4216	4245	4225
4216	4245	4234
4216	4245	4235
4216	4245	4243
4216	4245	4244
4216	4245	4241
4216	4245	4240
4216	4245	4237
4216	4245	4222
4216	4245	4246
4216	4245	4229
4216	4245	4220
4216	4245	4227
18741	18774	18947
18741	18774	18862
18741	18774	18840
18741	18774	18887
18741	18774	18872
18741	18774	18766
18741	18774	18767
18741	18774	18873
18741	18774	18782
18741	18774	18889
18741	18774	18777
18741	18774	4460
18741	18774	18878
7769	9498	9452
7769	9498	9411
7769	9498	9463
7769	9498	7747
7769	9498	7708
7769	9498	9476
7769	9498	9401
7769	9498	7715
7769	9498	9446
7769	9498	9441
7769	9498	9426
7769	9498	7775
4254	4899	917
4254	4899	2459
4254	4899	4319
4254	4899	6309
4254	4899	11633
4254	4899	11644
4254	4899	6862
4254	4899	9199
4254	4899	11639
4254	4899	11682
4254	4899	11655
4254	4899	9313
4254	4899	11681
4254	4899	11662
4254	4899	11641
4254	4899	6409
25160	2305	2362
25160	2305	25165
25160	2305	25176
25160	2305	2285
25160	2305	25167
25160	2305	25179
25160	2305	25173
25160	2305	2338
25160	2305	25162
25160	2305	25171
25160	2305	25169
25160	2305	25181
25160	2305	25177
25160	2305	25170
25160	2305	25178
7089	3307	8695
7089	3307	8753
7089	3307	8693
7089	3307	8679
7089	3307	8716
7089	3307	8686
7089	3307	3383
7089	3307	8870
7089	3307	8807
7089	3307	8878
7089	3307	8762
7089	3307	8792
7089	3307	8859
7089	3307	8769
7089	3307	8799
7089	3307	8848
7089	3307	8868
7089	3307	3329
7089	3307	8713
7089	3307	8691
10513	2428	29
5824	4254	992
5824	4254	4253
5824	4254	9182
7905	7920	7936
7905	7920	7959
7905	7920	7968
7905	7920	7922
7905	7920	7910
7905	7920	7927
7905	7920	7941
7905	7920	4456
7905	7920	7952
7905	7920	7914
2463	2424	917
2463	2424	1011
2463	2424	6862
7725	17397	7705
7725	17397	7760
7725	17397	7726
7725	17397	17409
7725	17397	17399
7725	17397	17422
7725	17397	17407
7725	17397	17418
7725	17397	17396
7725	17397	17402
6928	6918	6912
4485	14488	18947
4485	14488	4456
4485	14488	18954
4485	14488	18942
4485	14488	18955
4485	14488	18919
4485	14488	18937
4485	14488	18974
4485	14488	18940
4485	14488	18943
4485	14488	18962
4485	14488	4489
4485	14488	18968
4485	14488	18936
4485	14488	18963
4485	14488	18939
4485	14488	18932
4485	14488	14564
8912	8913	8922
8912	8913	8921
8912	8913	8914
2100	2118	21864
2100	2118	2108
2100	2118	2210
2100	2118	2199
2100	2118	2193
2100	2118	2246
2100	2118	2110
2100	2118	2211
2100	2118	2238
2100	2118	2142
2100	2118	2220
2100	2118	2143
2100	2118	2189
2100	2118	2185
2100	2118	2196
2100	2118	2144
2100	2118	2112
2100	2118	2214
2100	2118	2172
2100	2118	2124
10299	11352	11350
10299	11352	11334
10299	11352	11394
10299	11352	11373
10299	11352	11336
10299	11352	11389
10299	11352	11348
10299	11352	11391
10299	11352	11355
10299	11352	11384
10299	11352	11381
10299	11352	11341
10299	11352	11386
10299	11352	11344
10299	11352	11396
10299	11352	11397
10299	11352	11380
10299	11352	11372
10299	11352	11357
2482	2424	2432
1045	25630	1066
1045	25630	25642
1045	25630	25602
1045	25630	1202
1045	25630	25596
1045	25630	25606
1045	25630	25592
1045	25630	25633
8115	8229	8126
8115	8229	8197
8115	8229	8122
8115	8229	8181
8115	8229	8210
8115	8229	8212
8115	8229	8116
8115	8229	8194
8115	8229	8171
8115	8229	8177
10601	4110	1066
10601	4110	16660
10601	4110	16711
10601	4110	16708
10601	4110	16666
10601	4110	10588
10601	4110	16684
10601	4110	16674
10601	4110	16667
10601	4110	16643
10601	4110	16701
10601	4110	4079
10601	4110	10586
10601	4110	16699
10601	4110	16702
21759	21764	21772
21759	21764	15110
21759	21764	21781
21759	21764	21784
21759	21764	21774
21759	21764	21768
21759	21764	21761
21759	21764	7726
21759	21764	21765
21759	21764	7768
21759	21764	9406
21759	21764	21779
21759	21764	21763
21759	21764	21762
11306	16348	10935
11306	16348	8589
11306	16348	2523
11306	16348	16344
11306	16348	11316
11306	16348	16331
11306	16348	2542
11306	16348	16322
11306	16348	16351
11306	16348	16366
11306	16348	14684
11306	16348	16364
11306	16348	16307
11306	16348	16319
4847	27379	27372
4847	27379	27404
4847	27379	27405
4847	27379	27403
4847	27379	27397
4847	27379	27400
4847	27379	27374
2449	2428	29
2449	2428	3272
2449	2428	3225
2449	2428	3164
2449	2428	3093
2449	2428	3288
2449	2428	3238
2449	2428	3105
2449	2428	3036
2449	2428	3050
2449	2428	3040
2449	2428	3112
2449	2428	3158
2449	2428	3037
2449	2428	3220
2449	2428	3256
14476	6009	14549
14476	6009	14571
14476	6009	14498
14476	6009	14562
14476	6009	14478
14476	6009	5980
14476	6009	14523
14476	6009	14580
14476	6009	14535
14476	6009	14514
8232	8238	8268
8232	8238	8255
8232	8238	8295
8232	8238	8290
8232	8238	8307
8232	8238	8261
8232	8238	8254
8232	8238	8277
8232	8238	8300
8232	8238	8246
8232	8238	8287
8232	8238	8303
8232	8238	8284
8232	8238	8316
8232	8238	8269
8232	8238	8242
8232	8238	7266
8232	8238	8308
8232	8238	8249
25182	25267	25244
25182	25267	25280
25182	25267	25255
18514	18525	18591
18514	18525	8670
18514	18525	18582
18514	18525	18545
18514	18525	18527
18514	18525	18577
18514	18525	18590
18514	18525	18580
18514	18525	18563
18514	18525	18588
18514	18525	18533
18514	18525	18520
18514	18525	18557
18514	18525	18546
20812	20834	20817
20812	20834	20814
20812	20834	20833
9182	9776	10298
9182	9776	2475
9182	9776	6359
9182	9776	1981
9182	9776	9753
9182	9776	9783
9182	9776	6795
9182	9776	9289
9182	9776	3155
9182	9776	9774
9182	9776	9752
15914	8786	15949
15914	8786	15922
15914	8786	15962
15914	8786	15989
15914	8786	15937
15914	8786	15979
15914	8786	15972
856	10316	8538
856	10316	10321
856	10316	823
1530	6895	6049
1530	6895	28077
1530	6895	28076
1530	6895	28080
1530	6895	28055
1530	6895	28078
1530	6895	1531
1530	6895	1534
8266	8232	8263
14659	21373	21362
14659	21373	21356
14659	21373	21339
14659	21373	21341
14659	21373	21349
14659	21373	21342
19635	21755	19654
19635	21755	21711
19635	21755	19714
19635	21755	21729
6793	19965	917
6793	19965	2475
6793	19965	823
6793	19965	19935
6793	19965	19976
6793	19965	19952
6793	19965	19975
6793	19965	16269
6793	19965	19948
6793	19965	19951
6793	19965	6699
6793	19965	19980
8134	12863	12805
8134	12863	8214
8134	12863	12826
8134	12863	12886
8134	12863	12787
8134	12863	12806
8134	12863	12812
8134	12863	12818
8134	12863	12759
8134	12863	12883
8134	12863	12856
8134	12863	12778
8134	12863	12845
8134	12863	12789
8134	12863	12819
8134	12863	12849
4917	9191	13590
4917	9191	4902
4917	9191	4965
4917	9191	4948
4917	9191	5829
4917	9191	14979
4917	9191	2818
4917	9191	14989
4917	9191	14970
4917	9191	14965
4917	9191	15020
4917	9191	15038
4917	9191	10318
4917	9191	14981
4917	9191	15017
4917	9191	2799
4917	9191	15025
4917	9191	15031
4917	9191	15007
4323	4252	4847
4219	10968	11151
4219	10968	11195
4219	10968	11050
11300	14723	14678
11300	14723	14677
11300	14723	8127
11300	14723	11303
11300	14723	14688
11300	14723	11316
11300	14723	14734
3305	3331	3325
3305	3331	3332
3305	3331	3306
3305	3331	3313
3305	3331	3408
3305	3331	3323
3305	3331	3353
3305	3331	3405
3305	3331	3397
3305	3331	3328
3305	3331	3393
3305	3331	3352
3305	3331	3371
3305	3331	3388
3305	3331	3379
3305	3331	3311
3305	3331	3401
3305	3331	3386
8263	9950	9952
8263	9950	10001
8263	9950	9999
8263	9950	9947
8263	9950	9957
8263	9950	9992
8263	9950	10023
8263	9950	9955
8263	9950	9979
8263	9950	10014
8263	9950	10009
8263	9950	9962
8263	9950	10000
8263	9950	9980
8263	9950	9941
8263	9950	10020
8263	9950	9881
2350	20021	20017
2350	20021	20059
2350	20021	20107
2350	20021	2360
2350	20021	20081
2350	20021	2369
2350	20021	20022
2350	20021	20027
2350	20021	20023
2350	20021	20100
2350	20021	20069
2350	20021	20026
2350	20021	20066
2350	20021	20046
2350	20021	2370
2350	20021	20101
2350	20021	20080
4249	5980	6017
4249	5980	5976
4249	5980	4247
4249	5980	6000
4249	5980	5987
4249	5980	6026
4249	5980	6031
4249	5980	5994
4249	5980	6003
4249	5980	6013
4249	5980	6027
8324	8387	8368
8324	8387	8404
8324	8387	8359
10316	10298	4871
10316	10298	4872
10316	10298	11759
10316	10298	24271
10316	10298	24281
10316	10298	24272
10316	10298	11811
10316	10298	11691
10316	10298	24278
10316	10298	11725
10316	10298	24287
10316	10298	4886
10316	10298	24274
10316	10298	24269
10316	10298	11680
10316	10298	11626
10316	10298	24276
10316	10298	24280
10316	10298	2065
10316	10298	11760
7797	24907	24849
7797	24907	24853
7797	24907	24824
7797	24907	24863
7797	24907	24793
7797	24907	24842
7797	24907	24800
7797	24907	24933
7797	24907	24888
7797	24907	24862
7797	24907	24919
7797	24907	24829
7797	24907	24884
7797	24907	9453
7797	24907	24848
7797	24907	24957
7797	24907	9488
7797	24907	24877
7797	24907	24826
7797	24907	19786
18747	21818	21798
18747	21818	21815
18747	21818	21808
18747	21818	21811
18747	21818	21807
18747	21818	18359
18747	21818	21799
18747	21818	21817
18747	21818	21806
18747	21818	18356
9191	2817	21186
9191	2817	15248
9191	2817	21156
9191	2817	88
9191	2817	21182
9191	2817	21142
9191	2817	21144
9191	2817	21160
9191	2817	19532
9191	2817	21167
9191	2817	21151
9191	2817	21188
9191	2817	21139
21489	21543	21512
21489	21543	21602
21489	21543	21498
21489	21543	21497
21489	21543	21516
21489	21543	21530
21489	21543	21540
21489	21543	21587
11265	23637	23715
11265	23637	23676
11265	23637	23692
11265	23637	23744
11265	23637	23647
11265	23637	23707
11265	23637	23761
11265	23637	23705
11265	23637	23750
11265	23637	23671
11265	23637	23732
11265	23637	23632
11265	23637	23741
11265	23637	23696
11265	23637	23638
11265	23637	23620
11265	23637	23708
11265	23637	23766
11265	23637	23635
11265	23637	23641
4909	936	4937
4909	936	22111
4909	936	22253
4909	936	22329
4909	936	22162
4909	936	22119
4909	936	11270
4909	936	22266
4909	936	4906
4562	4647	4598
4562	4647	4575
4562	4647	4669
493	26606	257
493	26606	2015
493	26606	29
493	26606	2013
493	26606	26615
493	26606	518
493	26606	26657
14977	2797	2801
4252	4417	4269
4252	4417	2459
4252	4417	4385
4252	4417	4393
4252	4417	4395
4252	4417	2472
4252	4417	4384
4252	4417	4260
4252	4417	4300
4252	4417	4255
4252	4417	4420
4252	4417	2463
5388	5392	5565
5388	5392	5422
5388	5392	5545
5388	5392	5423
5388	5392	5455
5388	5392	5556
10324	27128	4899
10324	27128	27102
10324	27128	1925
10324	27128	27091
10324	27128	4871
10324	27128	27118
10324	27128	6866
10324	27128	27111
10324	27128	19552
10324	27128	27103
8436	8446	8519
8436	8446	8451
8436	8446	8467
8436	8446	8518
8436	8446	8521
8436	8446	8473
10049	11875	21864
10049	11875	11819
10049	11875	10048
10049	11875	11870
10049	11875	11817
10049	11875	11879
10049	11875	2111
10049	11875	2136
10049	11875	11814
10049	11875	10071
10049	11875	11866
10049	11875	11860
10049	11875	11842
10049	11875	11832
10049	11875	11830
10049	11875	11855
10049	11875	11877
10049	11875	11865
10049	11875	11868
10049	11875	11867
2428	19532	3253
2428	19532	2424
2428	19532	5833
2428	19532	2433
2428	19532	17541
2428	19532	2475
2428	19532	822
2428	19532	13569
2428	19532	9273
2428	19532	19568
2428	19532	19542
2428	19532	6475
2428	19532	6728
2428	19532	10523
2428	19532	19567
2428	19532	19538
2428	19532	19580
2428	19532	19544
6000	14476	7972
2530	2428	4254
6923	6918	6912
6923	6918	4253
