18514	18525	18591
18514	18525	8670
18514	18525	18582
18514	18525	18545
18514	18525	18527
18514	18525	18577
18514	18525	18590
18514	18525	18580
18514	18525	18563
18514	18525	18588
18514	18525	18533
18514	18525	18520
18514	18525	18557
18514	18525	18546
14068	8760	14118
14068	8760	14138
14068	8760	14111
14068	8760	14158
14068	8760	14130
14068	8760	14136
14068	8760	14133
14068	8760	14146
2428	19532	3253
2428	19532	2424
2428	19532	5833
2428	19532	2433
2428	19532	17541
2428	19532	2475
2428	19532	822
2428	19532	13569
2428	19532	9273
2428	19532	19568
2428	19532	19542
2428	19532	6475
2428	19532	6728
2428	19532	10523
2428	19532	19567
2428	19532	19538
2428	19532	19580
2428	19532	19544
9595	17533	17506
9595	17533	17526
9595	17533	17529
9595	17533	17528
9595	17533	17530
9595	17533	17479
5599	5579	13494
21826	23283	2101
21826	23283	23223
21826	23283	2155
21826	23283	23305
21826	23283	23224
21826	23283	23308
28714	8835	8679
28714	8835	28738
28714	8835	28785
28714	8835	28770
28714	8835	28772
28714	8835	28780
28714	8835	28788
28714	8835	28754
28714	8835	28781
28714	8835	28727
28714	8835	28715
28714	8835	28746
28714	8835	28716
28714	8835	28733
28714	8835	28748
11566	14068	11554
11566	14068	28714
4847	27379	27372
4847	27379	27404
4847	27379	27405
4847	27379	27403
4847	27379	27397
4847	27379	27400
4847	27379	27374
6799	22438	822
6799	22438	22439
6799	22438	2456
6799	22438	17354
6799	22438	1017
6799	22438	22443
6799	22438	9396
6799	22438	17342
6799	22438	22445
6799	22438	22432
6799	22438	22431
6799	22438	22423
6799	22438	1011
6799	22438	22444
2100	2118	21864
2100	2118	2108
2100	2118	2210
2100	2118	2199
2100	2118	2193
2100	2118	2246
2100	2118	2110
2100	2118	2211
2100	2118	2238
2100	2118	2142
2100	2118	2220
2100	2118	2143
2100	2118	2189
2100	2118	2185
2100	2118	2196
2100	2118	2144
2100	2118	2112
2100	2118	2214
2100	2118	2172
2100	2118	2124
4909	936	4937
4909	936	22111
4909	936	22253
4909	936	22329
4909	936	22162
4909	936	22119
4909	936	11270
4909	936	22266
4909	936	4906
8266	8232	8263
7024	7035	7287
7024	7035	7288
7024	7035	7233
7024	7035	7306
7024	7035	7293
7024	7035	7068
7024	7035	7167
7024	7035	7217
7024	7035	7319
7024	7035	7302
7024	7035	7149
7024	7035	7058
7024	7035	7242
7024	7035	7081
7024	7035	7223
7024	7035	7295
7024	7035	7264
7024	7035	7238
12540	12615	12604
12540	12615	12610
12540	12615	12602
12540	12615	12579
12540	12615	12613
12540	12615	12608
12540	12615	12592
12540	12615	12564
12540	12615	12560
12540	12615	12612
12540	12615	12569
12540	12615	12566
10298	10442	10345
10298	10442	10366
10298	10442	10429
10298	10442	10379
10298	10442	10359
10298	10442	10351
10298	10442	10417
10298	10442	10490
10298	10442	10327
10298	10442	10398
10298	10442	10371
10298	10442	10466
10298	10442	10496
10298	10442	10313
10298	10442	10489
10298	10442	10389
10298	10442	10431
10298	10442	10488
4216	4245	4236
4216	4245	4217
4216	4245	4221
4216	4245	4225
4216	4245	4234
4216	4245	4235
4216	4245	4243
4216	4245	4244
4216	4245	4241
4216	4245	4240
4216	4245	4237
4216	4245	4222
4216	4245	4246
4216	4245	4229
4216	4245	4220
4216	4245	4227
2482	2424	2432
8263	9950	9952
8263	9950	10001
8263	9950	9999
8263	9950	9947
8263	9950	9957
8263	9950	9992
8263	9950	10023
8263	9950	9955
8263	9950	9979
8263	9950	10014
8263	9950	10009
8263	9950	9962
8263	9950	10000
8263	9950	9980
8263	9950	9941
8263	9950	10020
8263	9950	9881
21489	21543	21512
21489	21543	21602
21489	21543	21498
21489	21543	21497
21489	21543	21516
21489	21543	21530
21489	21543	21540
21489	21543	21587
2882	2890	3021
2882	2890	2945
2882	2890	2902
2882	2890	2888
2882	2890	3029
2882	2890	2985
2882	2890	3022
2882	2890	2916
2882	2890	2950
2882	2890	2897
2882	2890	3012
2882	2890	2925
2882	2890	3025
2882	2890	2994
2882	2890	3000
2882	2890	3009
2882	2890	3020
2882	2890	3010
2882	2890	3015
2882	2890	2971
1544	1530	1533
1544	1530	1539
1544	1530	1528
1544	1530	6076
1544	1530	1553
1544	1530	1546
1544	1530	6051
1544	1530	1566
1544	1530	6065
1544	1530	1561
1544	1530	6062
1544	1530	6069
1544	1530	6036
1544	1530	6075
1544	1530	6061
1544	1530	6074
1544	1530	6068
1544	1530	6064
1544	1530	6044
1544	1530	6054
6928	6918	6912
9191	2817	21186
9191	2817	15248
9191	2817	21156
9191	2817	88
9191	2817	21182
9191	2817	21142
9191	2817	21144
9191	2817	21160
9191	2817	19532
9191	2817	21167
9191	2817	21151
9191	2817	21188
9191	2817	21139
920	823	10299
2141	21864	12465
2141	21864	2100
19635	21755	19654
19635	21755	21711
19635	21755	19714
19635	21755	21729
9615	22458	22593
9615	22458	22591
9615	22458	22571
9615	22458	22558
9615	22458	22584
9615	22458	22550
9615	22458	22574
9615	22458	22487
9615	22458	22599
9615	22458	22596
9615	22458	22525
9615	22458	22598
9615	22458	22495
9615	22458	22496
9615	22458	22539
9615	22458	22527
9615	22458	22543
9615	22458	22552
14770	14814	14870
14770	14814	14861
14770	14814	14863
14770	14814	14906
14770	14814	14849
14770	14814	14816
14770	14814	14961
14770	14814	14946
14770	14814	14939
14770	14814	14953
14770	14814	14848
14770	14814	14964
14770	14814	14842
14770	14814	14817
14770	14814	14918
14770	14814	14940
14770	14814	14771
14770	14814	14871
14770	14814	14900
14770	14814	14810
7946	18019	7905
7946	18019	18006
7946	18019	17772
7946	18019	17853
7946	18019	17988
7946	18019	17901
29	10506	602
29	10506	547
29	10506	4252
29	10506	1973
29	10506	1991
29	10506	10540
29	10506	603
29	10506	10557
29	10506	1977
29	10506	10511
29	10506	2071
9181	4254	9182
4796	25504	25519
10321	28091	28088
10321	28091	28107
10321	28091	28133
10321	28091	28115
10321	28091	28122
10321	28091	28093
10321	28091	28109
10321	28091	4269
10321	28091	28094
10321	28091	28106
10321	28091	28104
10321	28091	28138
12634	12618	7028
9557	9614	9611
9557	9614	9605
9557	9614	9588
9557	9614	9577
9557	9614	9568
9557	9614	9584
9557	9614	9593
9557	9614	9598
9557	9614	9618
9557	9614	9563
9557	9614	9587
19966	20950	21005
19966	20950	20960
19966	20950	20994
19966	20950	20987
19966	20950	20962
19966	20950	20974
19966	20950	21026
19966	20950	21027
19966	20950	21015
19966	20950	21022
25182	25267	25244
25182	25267	25280
25182	25267	25255
2449	2428	29
2449	2428	3272
2449	2428	3225
2449	2428	3164
2449	2428	3093
2449	2428	3288
2449	2428	3238
2449	2428	3105
2449	2428	3036
2449	2428	3050
2449	2428	3040
2449	2428	3112
2449	2428	3158
2449	2428	3037
2449	2428	3220
2449	2428	3256
6895	28177	6886
6895	28177	936
6895	28177	28185
6895	28177	28204
6895	28177	28152
6895	28177	28176
6895	28177	10758
6895	28177	28049
6895	28177	28054
6895	28177	28150
6895	28177	28184
6895	28177	28197
6895	28177	28158
6895	28177	28151
6895	28177	10789
6895	28177	28216
21904	26516	26457
21904	26516	26539
21904	26516	26513
21904	26516	26493
21904	26516	26499
21904	26516	26507
21904	26516	26545
21904	26516	26481
21904	26516	26506
21904	26516	26488
21904	26516	21935
21904	26516	26468
21904	26516	26462
21904	26516	26496
21904	26516	26544
21904	26516	26497
21904	26516	21865
21904	26516	26491
21904	26516	26509
21904	26516	12506
20247	22371	26755
20247	22371	26733
20247	22371	13335
13506	19323	16377
13506	19323	19426
13506	19323	14726
13506	19323	19335
13506	19323	19458
13506	19323	19501
13506	19323	19480
13506	19323	19496
13506	19323	14701
13506	19323	19400
13506	19323	19499
13506	19323	19404
13506	19323	19001
13506	19323	13597
13506	19323	19473
13506	19323	5830
13506	19323	19342
13506	19323	19360
13506	19323	876
13506	19323	19467
5388	5392	5565
5388	5392	5422
5388	5392	5545
5388	5392	5423
5388	5392	5455
5388	5392	5556
6912	6933	88
6912	6933	6918
6912	6933	6987
6912	6933	6972
6912	6933	7005
6912	6933	6998
6912	6933	6917
6912	6933	6975
6912	6933	7015
6912	6933	6971
6912	6933	6955
6912	6933	6985
6912	6933	7010
6912	6933	6961
6912	6933	6938
6912	6933	7001
4219	10968	11151
4219	10968	11195
4219	10968	11050
13295	13335	13321
13295	13335	13420
13295	13335	13381
13295	13335	13372
13295	13335	13297
13295	13335	13373
13295	13335	13353
13295	13335	13338
13295	13335	13385
13295	13335	13465
13295	13335	13380
13295	13335	13395
13295	13335	13469
13295	13335	13367
13295	13335	13462
13295	13335	13352
4695	4789	4698
4695	4789	4728
4695	4789	4768
4695	4789	4737
4695	4789	4771
4695	4789	4739
4695	4789	4748
4695	4789	4709
4695	4789	4756
4695	4789	4791
4695	4789	4772
4695	4789	4831
8670	24224	24166
8670	24224	8781
8670	24224	24169
8670	24224	24183
8670	24224	13966
8670	24224	24247
8670	24224	24212
8670	24224	24190
8670	24224	24233
8670	24224	24254
8670	24224	24201
8670	24224	24200
8670	24224	13999
8670	24224	24259
7089	3307	8695
7089	3307	8753
7089	3307	8693
7089	3307	8679
7089	3307	8716
7089	3307	8686
7089	3307	3383
7089	3307	8870
7089	3307	8807
7089	3307	8878
7089	3307	8762
7089	3307	8792
7089	3307	8859
7089	3307	8769
7089	3307	8799
7089	3307	8848
7089	3307	8868
7089	3307	3329
7089	3307	8713
7089	3307	8691
3100	20812	11298
5824	4254	992
5824	4254	4253
5824	4254	9182
21759	21764	21772
21759	21764	15110
21759	21764	21781
21759	21764	21784
21759	21764	21774
21759	21764	21768
21759	21764	21761
21759	21764	7726
21759	21764	21765
21759	21764	7768
21759	21764	9406
21759	21764	21779
21759	21764	21763
21759	21764	21762
4323	4252	4847
5598	5599	5693
5598	5599	7409
5598	5599	7410
5598	5599	5615
5598	5599	7407
4485	14488	18947
4485	14488	4456
4485	14488	18954
4485	14488	18942
4485	14488	18955
4485	14488	18919
4485	14488	18937
4485	14488	18974
4485	14488	18940
4485	14488	18943
4485	14488	18962
4485	14488	4489
4485	14488	18968
4485	14488	18936
4485	14488	18963
4485	14488	18939
4485	14488	18932
4485	14488	14564
8912	8913	8922
8912	8913	8921
8912	8913	8914
10457	9191	10298
10601	4110	1066
10601	4110	16660
10601	4110	16711
10601	4110	16708
10601	4110	16666
10601	4110	10588
10601	4110	16684
10601	4110	16674
10601	4110	16667
10601	4110	16643
10601	4110	16701
10601	4110	4079
10601	4110	10586
10601	4110	16699
10601	4110	16702
2262	5355	5320
2262	5355	5317
2262	5355	5280
2262	5355	5336
2262	5355	5362
2262	5355	5345
2262	5355	5303
2262	5355	5338
10316	10298	4871
10316	10298	4872
10316	10298	11759
10316	10298	24271
10316	10298	24281
10316	10298	24272
10316	10298	11811
10316	10298	11691
10316	10298	24278
10316	10298	11725
10316	10298	24287
10316	10298	4886
10316	10298	24274
10316	10298	24269
10316	10298	11680
10316	10298	11626
10316	10298	24276
10316	10298	24280
10316	10298	2065
10316	10298	11760
698	712	761
698	712	780
698	712	793
698	712	779
698	712	778
698	712	730
698	712	735
698	712	759
698	712	745
698	712	783
698	712	707
698	712	713
698	712	736
698	712	724
698	712	753
698	712	792
698	712	770
19022	19065	19057
19022	19065	19048
19022	19065	19086
19022	19065	19097
19022	19065	19095
19022	19065	19047
19022	19065	19121
19022	19065	19119
19022	19065	19070
19022	19065	19024
19022	19065	19115
4917	9191	13590
4917	9191	4902
4917	9191	4965
4917	9191	4948
4917	9191	5829
4917	9191	14979
4917	9191	2818
4917	9191	14989
4917	9191	14970
4917	9191	14965
4917	9191	15020
4917	9191	15038
4917	9191	10318
4917	9191	14981
4917	9191	15017
4917	9191	2799
4917	9191	15025
4917	9191	15031
4917	9191	15007
8678	14066	13988
8678	14066	14060
8678	14066	8701
8678	14066	13953
8678	14066	13986
8678	14066	14029
8678	14066	13976
8678	14066	7160
8678	14066	8759
8678	14066	14036
8678	14066	13961
8678	14066	8828
8678	14066	13964
8678	14066	8702
8678	14066	14013
8678	14066	14010
8678	14066	14015
8678	14066	14009
8678	14066	14052
8678	14066	14012
6000	14476	7972
7705	7783	7797
7705	7783	7775
7705	7783	7760
7705	7783	7795
7705	7783	7756
7705	7783	7761
7705	7783	7711
7705	7783	7738
7705	7783	7801
7705	7783	7807
7705	7783	7804
7705	7783	7750
2598	11949	2596
2598	11949	11883
2598	11949	11946
2598	11949	11894
2598	11949	11900
2598	11949	2611
2598	11949	11966
2598	11949	11908
2598	11949	11955
4252	4417	4269
4252	4417	2459
4252	4417	4385
4252	4417	4393
4252	4417	4395
4252	4417	2472
4252	4417	4384
4252	4417	4260
4252	4417	4300
4252	4417	4255
4252	4417	4420
4252	4417	2463
10513	2428	29
15045	7726	15163
15045	7726	15106
15045	7726	15057
15045	7726	15123
15045	7726	15055
15045	7726	15092
15045	7726	15155
15045	7726	15103
15045	7726	15102
15045	7726	15068
15045	7726	15158
15045	7726	15046
15045	7726	15076
15914	8786	15949
15914	8786	15922
15914	8786	15962
15914	8786	15989
15914	8786	15937
15914	8786	15979
15914	8786	15972
5983	7995	8040
5983	7995	5980
5983	7995	8889
5983	7995	5999
5983	7995	8893
5983	7995	8887
5983	7995	8888
5983	7995	8892
5983	7995	8906
5983	7995	8897
5983	7995	8901
5983	7995	8904
13111	13162	13146
13111	13162	13163
13111	13162	13187
13111	13162	13159
13111	13162	13143
13111	13162	13138
13111	13162	13118
13111	13162	13124
13111	13162	13136
13111	13162	13176
13111	13162	5895
13111	13162	13186
13111	13162	13194
7912	4485	7905
7912	4485	18947
795	813	822
795	813	807
795	813	797
795	813	800
795	813	821
795	813	799
795	813	808
795	813	806
8739	9515	24746
8739	9515	24739
8739	9515	24756
8739	9515	24758
8739	9515	24737
8739	9515	24781
8739	9515	24776
8739	9515	24757
8739	9515	24764
8739	9515	24734
8739	9515	24745
8739	9515	24748
18708	23569	18712
18708	23569	23583
7091	22074	7398
7091	22074	22013
7091	22074	21987
7091	22074	12939
9515	9529	9553
9515	9529	9538
9515	9529	9534
9515	9529	9535
