8717	8668	7089
8717	8668	3338
4219	10968	11151
4219	10968	11195
4219	10968	11050
10299	11352	11350
10299	11352	11334
10299	11352	11394
10299	11352	11373
10299	11352	11336
10299	11352	11389
10299	11352	11348
10299	11352	11391
10299	11352	11355
10299	11352	11384
10299	11352	11381
10299	11352	11341
10299	11352	11386
10299	11352	11344
10299	11352	11396
10299	11352	11397
10299	11352	11380
10299	11352	11372
10299	11352	11357
17141	17256	5565
17141	17256	17143
17141	17256	17279
17141	17256	17261
17141	17256	17147
17141	17256	17283
17141	17256	17312
17141	17256	17217
17141	17256	17200
17141	17256	17154
17141	17256	17182
17141	17256	17333
17141	17256	17255
17141	17256	17228
17141	17256	17298
17141	17256	17158
17141	17256	17274
17141	17256	17259
17141	17256	17184
17141	17256	17193
4909	936	4937
4909	936	22111
4909	936	22253
4909	936	22329
4909	936	22162
4909	936	22119
4909	936	11270
4909	936	22266
4909	936	4906
6895	28177	6886
6895	28177	936
6895	28177	28185
6895	28177	28204
6895	28177	28152
6895	28177	28176
6895	28177	10758
6895	28177	28049
6895	28177	28054
6895	28177	28150
6895	28177	28184
6895	28177	28197
6895	28177	28158
6895	28177	28151
6895	28177	10789
6895	28177	28216
2449	2428	29
2449	2428	3272
2449	2428	3225
2449	2428	3164
2449	2428	3093
2449	2428	3288
2449	2428	3238
2449	2428	3105
2449	2428	3036
2449	2428	3050
2449	2428	3040
2449	2428	3112
2449	2428	3158
2449	2428	3037
2449	2428	3220
2449	2428	3256
8232	8238	8268
8232	8238	8255
8232	8238	8295
8232	8238	8290
8232	8238	8307
8232	8238	8261
8232	8238	8254
8232	8238	8277
8232	8238	8300
8232	8238	8246
8232	8238	8287
8232	8238	8303
8232	8238	8284
8232	8238	8316
8232	8238	8269
8232	8238	8242
8232	8238	7266
8232	8238	8308
8232	8238	8249
4902	4972	4937
4902	4972	4961
4902	4972	4965
4902	4972	4913
4902	4972	4966
4902	4972	4943
4902	4972	4995
4902	4972	5008
4902	4972	4944
4902	4972	4968
4902	4972	4918
4902	4972	4946
19966	20950	21005
19966	20950	20960
19966	20950	20994
19966	20950	20987
19966	20950	20962
19966	20950	20974
19966	20950	21026
19966	20950	21027
19966	20950	21015
19966	20950	21022
18704	23797	23774
18704	23797	23783
18704	23797	23779
18704	23797	23791
18704	23797	23771
18704	23797	23770
18704	23797	23793
18704	23797	23788
18704	23797	23768
18704	23797	23775
18704	23797	18705
18704	23797	23769
18704	23797	18707
18704	23797	23777
18704	23797	23789
2141	21864	12465
2141	21864	2100
6000	14476	7972
4695	4789	4698
4695	4789	4728
4695	4789	4768
4695	4789	4737
4695	4789	4771
4695	4789	4739
4695	4789	4748
4695	4789	4709
4695	4789	4756
4695	4789	4791
4695	4789	4772
4695	4789	4831
9182	9776	10298
9182	9776	2475
9182	9776	6359
9182	9776	1981
9182	9776	9753
9182	9776	9783
9182	9776	6795
9182	9776	9289
9182	9776	3155
9182	9776	9774
9182	9776	9752
29	10506	602
29	10506	547
29	10506	4252
29	10506	1973
29	10506	1991
29	10506	10540
29	10506	603
29	10506	10557
29	10506	1977
29	10506	10511
29	10506	2071
10316	10298	4871
10316	10298	4872
10316	10298	11759
10316	10298	24271
10316	10298	24281
10316	10298	24272
10316	10298	11811
10316	10298	11691
10316	10298	24278
10316	10298	11725
10316	10298	24287
10316	10298	4886
10316	10298	24274
10316	10298	24269
10316	10298	11680
10316	10298	11626
10316	10298	24276
10316	10298	24280
10316	10298	2065
10316	10298	11760
7024	7035	7287
7024	7035	7288
7024	7035	7233
7024	7035	7306
7024	7035	7293
7024	7035	7068
7024	7035	7167
7024	7035	7217
7024	7035	7319
7024	7035	7302
7024	7035	7149
7024	7035	7058
7024	7035	7242
7024	7035	7081
7024	7035	7223
7024	7035	7295
7024	7035	7264
7024	7035	7238
5388	5392	5565
5388	5392	5422
5388	5392	5545
5388	5392	5423
5388	5392	5455
5388	5392	5556
862	4254	4253
862	4254	6793
862	4254	9182
4485	14488	18947
4485	14488	4456
4485	14488	18954
4485	14488	18942
4485	14488	18955
4485	14488	18919
4485	14488	18937
4485	14488	18974
4485	14488	18940
4485	14488	18943
4485	14488	18962
4485	14488	4489
4485	14488	18968
4485	14488	18936
4485	14488	18963
4485	14488	18939
4485	14488	18932
4485	14488	14564
10321	28091	28088
10321	28091	28107
10321	28091	28133
10321	28091	28115
10321	28091	28122
10321	28091	28093
10321	28091	28109
10321	28091	4269
10321	28091	28094
10321	28091	28106
10321	28091	28104
10321	28091	28138
12618	12628	12643
12618	12628	12621
12618	12628	12641
12618	12628	7519
12618	12628	7533
12618	12628	12642
8324	8387	8368
8324	8387	8404
8324	8387	8359
9181	4254	9182
8678	14066	13988
8678	14066	14060
8678	14066	8701
8678	14066	13953
8678	14066	13986
8678	14066	14029
8678	14066	13976
8678	14066	7160
8678	14066	8759
8678	14066	14036
8678	14066	13961
8678	14066	8828
8678	14066	13964
8678	14066	8702
8678	14066	14013
8678	14066	14010
8678	14066	14015
8678	14066	14009
8678	14066	14052
8678	14066	14012
19122	19211	19184
19122	19211	19181
19122	19211	19156
19122	19211	19191
19122	19211	19189
19122	19211	19147
19122	19211	19146
19122	19211	19204
19122	19211	19215
19122	19211	19177
19122	19211	19130
19122	19211	19185
19122	19211	19128
19122	19211	19187
2610	12921	2596
2610	12921	2611
2610	12921	12912
2610	12921	12914
2610	12921	12908
2610	12921	12923
2610	12921	12915
2610	12921	12918
18514	18525	18591
18514	18525	8670
18514	18525	18582
18514	18525	18545
18514	18525	18527
18514	18525	18577
18514	18525	18590
18514	18525	18580
18514	18525	18563
18514	18525	18588
18514	18525	18533
18514	18525	18520
18514	18525	18557
18514	18525	18546
13295	13335	13321
13295	13335	13420
13295	13335	13381
13295	13335	13372
13295	13335	13297
13295	13335	13373
13295	13335	13353
13295	13335	13338
13295	13335	13385
13295	13335	13465
13295	13335	13380
13295	13335	13395
13295	13335	13469
13295	13335	13367
13295	13335	13462
13295	13335	13352
11265	23637	23715
11265	23637	23676
11265	23637	23692
11265	23637	23744
11265	23637	23647
11265	23637	23707
11265	23637	23761
11265	23637	23705
11265	23637	23750
11265	23637	23671
11265	23637	23732
11265	23637	23632
11265	23637	23741
11265	23637	23696
11265	23637	23638
11265	23637	23620
11265	23637	23708
11265	23637	23766
11265	23637	23635
11265	23637	23641
3411	3451	3770
3411	3451	3626
3411	3451	3423
3411	3451	3546
3411	3451	3812
3411	3451	3769
3411	3451	3460
3411	3451	3887
3411	3451	3613
3411	3451	3639
2882	2890	3021
2882	2890	2945
2882	2890	2902
2882	2890	2888
2882	2890	3029
2882	2890	2985
2882	2890	3022
2882	2890	2916
2882	2890	2950
2882	2890	2897
2882	2890	3012
2882	2890	2925
2882	2890	3025
2882	2890	2994
2882	2890	3000
2882	2890	3009
2882	2890	3020
2882	2890	3010
2882	2890	3015
2882	2890	2971
21826	23283	2101
21826	23283	23223
21826	23283	2155
21826	23283	23305
21826	23283	23224
21826	23283	23308
8668	3307	7089
8668	3307	3361
8668	3307	18505
8668	3307	18444
8668	3307	18509
8668	3307	18436
8668	3307	18448
8668	3307	18501
8668	3307	8724
8668	3307	18474
8668	3307	18481
8668	3307	18496
8668	3307	18429
8668	3307	18407
8668	3307	3309
8668	3307	18494
8668	3307	18513
8668	3307	18446
8668	3307	18471
8668	3307	18469
4562	4647	4598
4562	4647	4575
4562	4647	4669
14770	14814	14870
14770	14814	14861
14770	14814	14863
14770	14814	14906
14770	14814	14849
14770	14814	14816
14770	14814	14961
14770	14814	14946
14770	14814	14939
14770	14814	14953
14770	14814	14848
14770	14814	14964
14770	14814	14842
14770	14814	14817
14770	14814	14918
14770	14814	14940
14770	14814	14771
14770	14814	14871
14770	14814	14900
14770	14814	14810
10601	4110	1066
10601	4110	16660
10601	4110	16711
10601	4110	16708
10601	4110	16666
10601	4110	10588
10601	4110	16684
10601	4110	16674
10601	4110	16667
10601	4110	16643
10601	4110	16701
10601	4110	4079
10601	4110	10586
10601	4110	16699
10601	4110	16702
8739	9515	24746
8739	9515	24739
8739	9515	24756
8739	9515	24758
8739	9515	24737
8739	9515	24781
8739	9515	24776
8739	9515	24757
8739	9515	24764
8739	9515	24734
8739	9515	24745
8739	9515	24748
21904	26516	26457
21904	26516	26539
21904	26516	26513
21904	26516	26493
21904	26516	26499
21904	26516	26507
21904	26516	26545
21904	26516	26481
21904	26516	26506
21904	26516	26488
21904	26516	21935
21904	26516	26468
21904	26516	26462
21904	26516	26496
21904	26516	26544
21904	26516	26497
21904	26516	21865
21904	26516	26491
21904	26516	26509
21904	26516	12506
4917	9191	13590
4917	9191	4902
4917	9191	4965
4917	9191	4948
4917	9191	5829
4917	9191	14979
4917	9191	2818
4917	9191	14989
4917	9191	14970
4917	9191	14965
4917	9191	15020
4917	9191	15038
4917	9191	10318
4917	9191	14981
4917	9191	15017
4917	9191	2799
4917	9191	15025
4917	9191	15031
4917	9191	15007
8115	8229	8126
8115	8229	8197
8115	8229	8122
8115	8229	8181
8115	8229	8210
8115	8229	8212
8115	8229	8116
8115	8229	8194
8115	8229	8171
8115	8229	8177
1045	25630	1066
1045	25630	25642
1045	25630	25602
1045	25630	1202
1045	25630	25596
1045	25630	25606
1045	25630	25592
1045	25630	25633
2428	19532	3253
2428	19532	2424
2428	19532	5833
2428	19532	2433
2428	19532	17541
2428	19532	2475
2428	19532	822
2428	19532	13569
2428	19532	9273
2428	19532	19568
2428	19532	19542
2428	19532	6475
2428	19532	6728
2428	19532	10523
2428	19532	19567
2428	19532	19538
2428	19532	19580
2428	19532	19544
25449	25480	25453
25449	25480	25476
25449	25480	25471
25449	25480	25477
25449	25480	25457
25449	25480	25462
25449	25480	25473
25449	25480	25459
25449	25480	25475
25449	25480	25481
25449	25480	25469
25449	25480	25465
25449	25480	795
25449	25480	25468
25449	25480	25472
25449	25480	25464
25449	25480	25450
25449	25480	25458
25449	25480	25451
25449	25480	25470
7769	9498	9452
7769	9498	9411
7769	9498	9463
7769	9498	7747
7769	9498	7708
7769	9498	9476
7769	9498	9401
7769	9498	7715
7769	9498	9446
7769	9498	9441
7769	9498	9426
7769	9498	7775
15045	7726	15163
15045	7726	15106
15045	7726	15057
15045	7726	15123
15045	7726	15055
15045	7726	15092
15045	7726	15155
15045	7726	15103
15045	7726	15102
15045	7726	15068
15045	7726	15158
15045	7726	15046
15045	7726	15076
7089	3307	8695
7089	3307	8753
7089	3307	8693
7089	3307	8679
7089	3307	8716
7089	3307	8686
7089	3307	3383
7089	3307	8870
7089	3307	8807
7089	3307	8878
7089	3307	8762
7089	3307	8792
7089	3307	8859
7089	3307	8769
7089	3307	8799
7089	3307	8848
7089	3307	8868
7089	3307	3329
7089	3307	8713
7089	3307	8691
30	2432	8558
7091	22074	7398
7091	22074	22013
7091	22074	21987
7091	22074	12939
9595	17533	17506
9595	17533	17526
9595	17533	17529
9595	17533	17528
9595	17533	17530
9595	17533	17479
8134	12863	12805
8134	12863	8214
8134	12863	12826
8134	12863	12886
8134	12863	12787
8134	12863	12806
8134	12863	12812
8134	12863	12818
8134	12863	12759
8134	12863	12883
8134	12863	12856
8134	12863	12778
8134	12863	12845
8134	12863	12789
8134	12863	12819
8134	12863	12849
9615	22458	22593
9615	22458	22591
9615	22458	22571
9615	22458	22558
9615	22458	22584
9615	22458	22550
9615	22458	22574
9615	22458	22487
9615	22458	22599
9615	22458	22596
9615	22458	22525
9615	22458	22598
9615	22458	22495
9615	22458	22496
9615	22458	22539
9615	22458	22527
9615	22458	22543
9615	22458	22552
2257	2267	2322
28714	8835	8679
28714	8835	28738
28714	8835	28785
28714	8835	28770
28714	8835	28772
28714	8835	28780
28714	8835	28788
28714	8835	28754
28714	8835	28781
28714	8835	28727
28714	8835	28715
28714	8835	28746
28714	8835	28716
28714	8835	28733
28714	8835	28748
7946	18019	7905
7946	18019	18006
7946	18019	17772
7946	18019	17853
7946	18019	17988
7946	18019	17901
4323	4252	4847
6928	6918	6912
5824	4254	992
5824	4254	4253
5824	4254	9182
21534	19141	19122
21534	19141	19147
21534	19141	19146
21534	19141	19208
21534	19141	23617
21534	19141	21536
21534	19141	19194
21534	19141	19157
21534	19141	21583
21534	19141	19124
21534	19141	19176
21534	19141	23612
21534	19141	23606
5599	5579	13494
8263	9950	9952
8263	9950	10001
8263	9950	9999
8263	9950	9947
8263	9950	9957
8263	9950	9992
8263	9950	10023
8263	9950	9955
8263	9950	9979
8263	9950	10014
8263	9950	10009
8263	9950	9962
8263	9950	10000
8263	9950	9980
8263	9950	9941
8263	9950	10020
8263	9950	9881
19635	21755	19654
19635	21755	21711
19635	21755	19714
19635	21755	21729
21489	21543	21512
21489	21543	21602
21489	21543	21498
21489	21543	21497
21489	21543	21516
21489	21543	21530
21489	21543	21540
21489	21543	21587
11298	11305	11303
11298	11305	11316
11298	11305	11308
11298	11305	11299
11298	11305	11323
11298	11305	11310
11298	11305	11301
1530	6895	6049
1530	6895	28077
1530	6895	28076
1530	6895	28080
1530	6895	28055
1530	6895	28078
1530	6895	1531
1530	6895	1534
14168	14277	14289
14168	14277	14299
14168	14277	14294
14168	14277	14171
14168	14277	14210
14168	14277	14295
14168	14277	14285
14168	14277	14303
14168	14277	14181
14168	14277	14291
14168	14277	14260
14168	14277	14302
14168	14277	14249
1041	10623	10605
1041	10623	10594
1041	10623	10657
1041	10623	10680
1041	10623	10601
1041	10623	10621
1041	10623	10664
1041	10623	10652
1041	10623	10635
1041	10623	1066
1041	10623	10665
1041	10623	10655
2262	5355	5320
2262	5355	5317
2262	5355	5280
2262	5355	5336
2262	5355	5362
2262	5355	5345
2262	5355	5303
2262	5355	5338
493	26606	257
493	26606	2015
493	26606	29
493	26606	2013
493	26606	26615
493	26606	518
493	26606	26657
4253	88	4698
4253	88	2429
4253	88	1017
4253	88	16309
4253	88	5829
4253	88	24002
4253	88	23941
4253	88	23970
4253	88	23930
4253	88	23944
4253	88	24039
4253	88	6970
4253	88	23940
4253	88	23956
4253	88	24035
4253	88	925
4253	88	24034
4253	88	23968
4253	88	23980
4253	88	24027
9191	2817	21186
9191	2817	15248
9191	2817	21156
9191	2817	88
9191	2817	21182
9191	2817	21142
9191	2817	21144
9191	2817	21160
9191	2817	19532
9191	2817	21167
9191	2817	21151
9191	2817	21188
9191	2817	21139
5983	7995	8040
5983	7995	5980
5983	7995	8889
5983	7995	5999
5983	7995	8893
5983	7995	8887
5983	7995	8888
5983	7995	8892
5983	7995	8906
5983	7995	8897
5983	7995	8901
5983	7995	8904
7905	7920	7936
7905	7920	7959
7905	7920	7968
7905	7920	7922
7905	7920	7910
7905	7920	7927
7905	7920	7941
7905	7920	4456
7905	7920	7952
7905	7920	7914
2598	11949	2596
2598	11949	11883
2598	11949	11946
2598	11949	11894
2598	11949	11900
2598	11949	2611
2598	11949	11966
2598	11949	11908
2598	11949	11955
18747	21818	21798
18747	21818	21815
18747	21818	21808
18747	21818	21811
18747	21818	21807
18747	21818	18359
18747	21818	21799
18747	21818	21817
18747	21818	21806
18747	21818	18356
992	2424	5827
992	2424	5792
992	2424	5850
992	2424	5805
992	2424	5893
992	2424	5814
992	2424	5892
992	2424	1019
992	2424	5808
992	2424	5867
992	2424	917
992	2424	5797
992	2424	983
992	2424	5833
13111	13162	13146
13111	13162	13163
13111	13162	13187
13111	13162	13159
13111	13162	13143
13111	13162	13138
13111	13162	13118
13111	13162	13124
13111	13162	13136
13111	13162	13176
13111	13162	5895
13111	13162	13186
13111	13162	13194
