10324	27128	4899
10324	27128	27102
10324	27128	1925
10324	27128	27091
10324	27128	4871
10324	27128	27118
10324	27128	6866
10324	27128	27111
10324	27128	19552
10324	27128	27103
25182	25267	25244
25182	25267	25280
25182	25267	25255
8263	9950	9952
8263	9950	10001
8263	9950	9999
8263	9950	9947
8263	9950	9957
8263	9950	9992
8263	9950	10023
8263	9950	9955
8263	9950	9979
8263	9950	10014
8263	9950	10009
8263	9950	9962
8263	9950	10000
8263	9950	9980
8263	9950	9941
8263	9950	10020
8263	9950	9881
4323	4252	4847
4585	4586	4605
4585	4586	16183
4585	4586	16129
4585	4586	7905
4585	4586	16093
4585	4586	16128
4585	4586	16171
4585	4586	16112
4585	4586	16095
4585	4586	16179
4585	4586	4624
4585	4586	16211
4585	4586	16131
4585	4586	16089
4585	4586	16116
4585	4586	16196
4585	4586	16206
8266	8232	8263
30	2432	8558
7905	7920	7936
7905	7920	7959
7905	7920	7968
7905	7920	7922
7905	7920	7910
7905	7920	7927
7905	7920	7941
7905	7920	4456
7905	7920	7952
7905	7920	7914
856	10316	8538
856	10316	10321
856	10316	823
2262	5355	5320
2262	5355	5317
2262	5355	5280
2262	5355	5336
2262	5355	5362
2262	5355	5345
2262	5355	5303
2262	5355	5338
13111	13162	13146
13111	13162	13163
13111	13162	13187
13111	13162	13159
13111	13162	13143
13111	13162	13138
13111	13162	13118
13111	13162	13124
13111	13162	13136
13111	13162	13176
13111	13162	5895
13111	13162	13186
13111	13162	13194
14476	6009	14549
14476	6009	14571
14476	6009	14498
14476	6009	14562
14476	6009	14478
14476	6009	5980
14476	6009	14523
14476	6009	14580
14476	6009	14535
14476	6009	14514
28714	8835	8679
28714	8835	28738
28714	8835	28785
28714	8835	28770
28714	8835	28772
28714	8835	28780
28714	8835	28788
28714	8835	28754
28714	8835	28781
28714	8835	28727
28714	8835	28715
28714	8835	28746
28714	8835	28716
28714	8835	28733
28714	8835	28748
4040	4052	4110
4040	4052	4180
4040	4052	4157
4040	4052	4139
4040	4052	4133
4040	4052	4208
4040	4052	4131
4040	4052	4096
4040	4052	4178
4040	4052	4045
4040	4052	4204
4040	4052	4126
8436	8446	8519
8436	8446	8451
8436	8446	8467
8436	8446	8518
8436	8446	8521
8436	8446	8473
4796	25504	25519
4219	10968	11151
4219	10968	11195
4219	10968	11050
4252	4417	4269
4252	4417	2459
4252	4417	4385
4252	4417	4393
4252	4417	4395
4252	4417	2472
4252	4417	4384
4252	4417	4260
4252	4417	4300
4252	4417	4255
4252	4417	4420
4252	4417	2463
11306	16348	10935
11306	16348	8589
11306	16348	2523
11306	16348	16344
11306	16348	11316
11306	16348	16331
11306	16348	2542
11306	16348	16322
11306	16348	16351
11306	16348	16366
11306	16348	14684
11306	16348	16364
11306	16348	16307
11306	16348	16319
9515	9529	9553
9515	9529	9538
9515	9529	9534
9515	9529	9535
14659	21373	21362
14659	21373	21356
14659	21373	21339
14659	21373	21341
14659	21373	21349
14659	21373	21342
8134	12863	12805
8134	12863	8214
8134	12863	12826
8134	12863	12886
8134	12863	12787
8134	12863	12806
8134	12863	12812
8134	12863	12818
8134	12863	12759
8134	12863	12883
8134	12863	12856
8134	12863	12778
8134	12863	12845
8134	12863	12789
8134	12863	12819
8134	12863	12849
1041	10623	10605
1041	10623	10594
1041	10623	10657
1041	10623	10680
1041	10623	10601
1041	10623	10621
1041	10623	10664
1041	10623	10652
1041	10623	10635
1041	10623	1066
1041	10623	10665
1041	10623	10655
21904	26516	26457
21904	26516	26539
21904	26516	26513
21904	26516	26493
21904	26516	26499
21904	26516	26507
21904	26516	26545
21904	26516	26481
21904	26516	26506
21904	26516	26488
21904	26516	21935
21904	26516	26468
21904	26516	26462
21904	26516	26496
21904	26516	26544
21904	26516	26497
21904	26516	21865
21904	26516	26491
21904	26516	26509
21904	26516	12506
4708	21701	21678
4708	21701	21647
4708	21701	21665
4708	21701	21652
4708	21701	21642
4708	21701	21662
21759	21764	21772
21759	21764	15110
21759	21764	21781
21759	21764	21784
21759	21764	21774
21759	21764	21768
21759	21764	21761
21759	21764	7726
21759	21764	21765
21759	21764	7768
21759	21764	9406
21759	21764	21779
21759	21764	21763
21759	21764	21762
5388	5392	5565
5388	5392	5422
5388	5392	5545
5388	5392	5423
5388	5392	5455
5388	5392	5556
3100	20812	11298
21534	19141	19122
21534	19141	19147
21534	19141	19146
21534	19141	19208
21534	19141	23617
21534	19141	21536
21534	19141	19194
21534	19141	19157
21534	19141	21583
21534	19141	19124
21534	19141	19176
21534	19141	23612
21534	19141	23606
2257	2267	2322
19821	19866	19919
19821	19866	19912
19821	19866	19828
19821	19866	19888
19821	19866	19923
19821	19866	19893
19821	19866	19896
19821	19866	19903
19821	19866	9710
19821	19866	19902
2432	9346	4899
2432	9346	9361
2432	9346	9283
2432	9346	9388
2432	9346	9228
2432	9346	9230
2432	9346	2523
2432	9346	9260
2432	9346	6643
2432	9346	3253
2432	9346	2533
2432	9346	7885
2432	9346	9307
2432	9346	9339
2432	9346	2522
2432	9346	9332
2432	9346	9305
2432	9346	4284
2432	9346	9309
2432	9346	9211
15045	7726	15163
15045	7726	15106
15045	7726	15057
15045	7726	15123
15045	7726	15055
15045	7726	15092
15045	7726	15155
15045	7726	15103
15045	7726	15102
15045	7726	15068
15045	7726	15158
15045	7726	15046
15045	7726	15076
6000	14476	7972
2610	12921	2596
2610	12921	2611
2610	12921	12912
2610	12921	12914
2610	12921	12908
2610	12921	12923
2610	12921	12915
2610	12921	12918
8717	8668	7089
8717	8668	3338
8232	8238	8268
8232	8238	8255
8232	8238	8295
8232	8238	8290
8232	8238	8307
8232	8238	8261
8232	8238	8254
8232	8238	8277
8232	8238	8300
8232	8238	8246
8232	8238	8287
8232	8238	8303
8232	8238	8284
8232	8238	8316
8232	8238	8269
8232	8238	8242
8232	8238	7266
8232	8238	8308
8232	8238	8249
546	4847	562
546	4847	4864
546	4847	4883
546	4847	4884
546	4847	4852
546	4847	4896
546	4847	4880
5824	4254	992
5824	4254	4253
5824	4254	9182
19122	19211	19184
19122	19211	19181
19122	19211	19156
19122	19211	19191
19122	19211	19189
19122	19211	19147
19122	19211	19146
19122	19211	19204
19122	19211	19215
19122	19211	19177
19122	19211	19130
19122	19211	19185
19122	19211	19128
19122	19211	19187
7705	7783	7797
7705	7783	7775
7705	7783	7760
7705	7783	7795
7705	7783	7756
7705	7783	7761
7705	7783	7711
7705	7783	7738
7705	7783	7801
7705	7783	7807
7705	7783	7804
7705	7783	7750
14068	8760	14118
14068	8760	14138
14068	8760	14111
14068	8760	14158
14068	8760	14130
14068	8760	14136
14068	8760	14133
14068	8760	14146
7769	9498	9452
7769	9498	9411
7769	9498	9463
7769	9498	7747
7769	9498	7708
7769	9498	9476
7769	9498	9401
7769	9498	7715
7769	9498	9446
7769	9498	9441
7769	9498	9426
7769	9498	7775
7754	19794	9426
7754	19794	19789
7754	19794	19807
7754	19794	19753
7754	19794	19772
7754	19794	19803
7754	19794	19754
7754	19794	19813
7754	19794	19812
7754	19794	19760
7754	19794	19783
5009	5049	5136
5009	5049	5029
5009	5049	5126
5009	5049	5019
5009	5049	5016
5009	5049	5151
5598	5599	5693
5598	5599	7409
5598	5599	7410
5598	5599	5615
5598	5599	7407
1924	26121	917
1924	26121	2459
1924	26121	26255
1924	26121	26193
1924	26121	26167
1924	26121	2451
1924	26121	26278
1924	26121	26111
1924	26121	26261
1924	26121	2485
1924	26121	6086
1924	26121	5595
1924	26121	4319
493	26606	257
493	26606	2015
493	26606	29
493	26606	2013
493	26606	26615
493	26606	518
493	26606	26657
20812	20834	20817
20812	20834	20814
20812	20834	20833
14770	14814	14870
14770	14814	14861
14770	14814	14863
14770	14814	14906
14770	14814	14849
14770	14814	14816
14770	14814	14961
14770	14814	14946
14770	14814	14939
14770	14814	14953
14770	14814	14848
14770	14814	14964
14770	14814	14842
14770	14814	14817
14770	14814	14918
14770	14814	14940
14770	14814	14771
14770	14814	14871
14770	14814	14900
14770	14814	14810
12634	12618	7028
9181	4254	9182
7091	22074	7398
7091	22074	22013
7091	22074	21987
7091	22074	12939
10102	10294	10204
10102	10294	10200
10102	10294	10194
10102	10294	10215
10102	10294	10219
10102	10294	10114
10102	10294	10209
10102	10294	10134
10102	10294	10233
10102	10294	10140
10102	10294	10168
10102	10294	10156
10102	10294	10132
10102	10294	10186
10102	10294	10179
10102	10294	10289
10102	10294	10221
10102	10294	10203
10102	10294	10177
10102	10294	10185
8115	8229	8126
8115	8229	8197
8115	8229	8122
8115	8229	8181
8115	8229	8210
8115	8229	8212
8115	8229	8116
8115	8229	8194
8115	8229	8171
8115	8229	8177
6912	6933	88
6912	6933	6918
6912	6933	6987
6912	6933	6972
6912	6933	7005
6912	6933	6998
6912	6933	6917
6912	6933	6975
6912	6933	7015
6912	6933	6971
6912	6933	6955
6912	6933	6985
6912	6933	7010
6912	6933	6961
6912	6933	6938
6912	6933	7001
25160	2305	2362
25160	2305	25165
25160	2305	25176
25160	2305	2285
25160	2305	25167
25160	2305	25179
25160	2305	25173
25160	2305	2338
25160	2305	25162
25160	2305	25171
25160	2305	25169
25160	2305	25181
25160	2305	25177
25160	2305	25170
25160	2305	25178
17141	17256	5565
17141	17256	17143
17141	17256	17279
17141	17256	17261
17141	17256	17147
17141	17256	17283
17141	17256	17312
17141	17256	17217
17141	17256	17200
17141	17256	17154
17141	17256	17182
17141	17256	17333
17141	17256	17255
17141	17256	17228
17141	17256	17298
17141	17256	17158
17141	17256	17274
17141	17256	17259
17141	17256	17184
17141	17256	17193
10601	4110	1066
10601	4110	16660
10601	4110	16711
10601	4110	16708
10601	4110	16666
10601	4110	10588
10601	4110	16684
10601	4110	16674
10601	4110	16667
10601	4110	16643
10601	4110	16701
10601	4110	4079
10601	4110	10586
10601	4110	16699
10601	4110	16702
8324	8387	8368
8324	8387	8404
8324	8387	8359
4253	88	4698
4253	88	2429
4253	88	1017
4253	88	16309
4253	88	5829
4253	88	24002
4253	88	23941
4253	88	23970
4253	88	23930
4253	88	23944
4253	88	24039
4253	88	6970
4253	88	23940
4253	88	23956
4253	88	24035
4253	88	925
4253	88	24034
4253	88	23968
4253	88	23980
4253	88	24027
25449	25480	25453
25449	25480	25476
25449	25480	25471
25449	25480	25477
25449	25480	25457
25449	25480	25462
25449	25480	25473
25449	25480	25459
25449	25480	25475
25449	25480	25481
25449	25480	25469
25449	25480	25465
25449	25480	795
25449	25480	25468
25449	25480	25472
25449	25480	25464
25449	25480	25450
25449	25480	25458
25449	25480	25451
25449	25480	25470
8912	8913	8922
8912	8913	8921
8912	8913	8914
2100	2118	21864
2100	2118	2108
2100	2118	2210
2100	2118	2199
2100	2118	2193
2100	2118	2246
2100	2118	2110
2100	2118	2211
2100	2118	2238
2100	2118	2142
2100	2118	2220
2100	2118	2143
2100	2118	2189
2100	2118	2185
2100	2118	2196
2100	2118	2144
2100	2118	2112
2100	2118	2214
2100	2118	2172
2100	2118	2124
3305	3331	3325
3305	3331	3332
3305	3331	3306
3305	3331	3313
3305	3331	3408
3305	3331	3323
3305	3331	3353
3305	3331	3405
3305	3331	3397
3305	3331	3328
3305	3331	3393
3305	3331	3352
3305	3331	3371
3305	3331	3388
3305	3331	3379
3305	3331	3311
3305	3331	3401
3305	3331	3386
823	931	2432
823	931	8558
823	931	936
823	931	539
823	931	924
823	931	840
823	931	963
823	931	848
823	931	886
823	931	903
823	931	911
823	931	859
823	931	889
823	931	695
823	931	836
823	931	863
21034	21109	21043
21034	21109	21042
21034	21109	21069
21034	21109	21047
1045	25630	1066
1045	25630	25642
1045	25630	25602
1045	25630	1202
1045	25630	25596
1045	25630	25606
1045	25630	25592
1045	25630	25633
862	4254	4253
862	4254	6793
862	4254	9182
2530	2428	4254
8670	24224	24166
8670	24224	8781
8670	24224	24169
8670	24224	24183
8670	24224	13966
8670	24224	24247
8670	24224	24212
8670	24224	24190
8670	24224	24233
8670	24224	24254
8670	24224	24201
8670	24224	24200
8670	24224	13999
8670	24224	24259
11566	14068	11554
11566	14068	28714
2482	2424	2432
13506	19323	16377
13506	19323	19426
13506	19323	14726
13506	19323	19335
13506	19323	19458
13506	19323	19501
13506	19323	19480
13506	19323	19496
13506	19323	14701
13506	19323	19400
13506	19323	19499
13506	19323	19404
13506	19323	19001
13506	19323	13597
13506	19323	19473
13506	19323	5830
13506	19323	19342
13506	19323	19360
13506	19323	876
13506	19323	19467
5983	7995	8040
5983	7995	5980
5983	7995	8889
5983	7995	5999
5983	7995	8893
5983	7995	8887
5983	7995	8888
5983	7995	8892
5983	7995	8906
5983	7995	8897
5983	7995	8901
5983	7995	8904
2463	2424	917
2463	2424	1011
2463	2424	6862
7912	4485	7905
7912	4485	18947
6895	28177	6886
6895	28177	936
6895	28177	28185
6895	28177	28204
6895	28177	28152
6895	28177	28176
6895	28177	10758
6895	28177	28049
6895	28177	28054
6895	28177	28150
6895	28177	28184
6895	28177	28197
6895	28177	28158
6895	28177	28151
6895	28177	10789
6895	28177	28216
27287	27497	27533
27287	27497	27295
27287	27497	27505
27287	27497	27639
27287	27497	7027
27287	27497	27475
27287	27497	24095
27287	27497	27527
27287	27497	27742
27287	27497	27660
27287	27497	27512
1544	1530	1533
1544	1530	1539
1544	1530	1528
1544	1530	6076
1544	1530	1553
1544	1530	1546
1544	1530	6051
1544	1530	1566
1544	1530	6065
1544	1530	1561
1544	1530	6062
1544	1530	6069
1544	1530	6036
1544	1530	6075
1544	1530	6061
1544	1530	6074
1544	1530	6068
1544	1530	6064
1544	1530	6044
1544	1530	6054
12618	12628	12643
12618	12628	12621
12618	12628	12641
12618	12628	7519
12618	12628	7533
12618	12628	12642
