2428	19532	3253
2428	19532	2424
2428	19532	5833
2428	19532	2433
2428	19532	17541
2428	19532	2475
2428	19532	822
2428	19532	13569
2428	19532	9273
2428	19532	19568
2428	19532	19542
2428	19532	6475
2428	19532	6728
2428	19532	10523
2428	19532	19567
2428	19532	19538
2428	19532	19580
2428	19532	19544
10324	27128	4899
10324	27128	27102
10324	27128	1925
10324	27128	27091
10324	27128	4871
10324	27128	27118
10324	27128	6866
10324	27128	27111
10324	27128	19552
10324	27128	27103
8739	9515	24746
8739	9515	24739
8739	9515	24756
8739	9515	24758
8739	9515	24737
8739	9515	24781
8739	9515	24776
8739	9515	24757
8739	9515	24764
8739	9515	24734
8739	9515	24745
8739	9515	24748
19635	21755	19654
19635	21755	21711
19635	21755	19714
19635	21755	21729
4249	5980	6017
4249	5980	5976
4249	5980	4247
4249	5980	6000
4249	5980	5987
4249	5980	6026
4249	5980	6031
4249	5980	5994
4249	5980	6003
4249	5980	6013
4249	5980	6027
28714	8835	8679
28714	8835	28738
28714	8835	28785
28714	8835	28770
28714	8835	28772
28714	8835	28780
28714	8835	28788
28714	8835	28754
28714	8835	28781
28714	8835	28727
28714	8835	28715
28714	8835	28746
28714	8835	28716
28714	8835	28733
28714	8835	28748
10049	11875	21864
10049	11875	11819
10049	11875	10048
10049	11875	11870
10049	11875	11817
10049	11875	11879
10049	11875	2111
10049	11875	2136
10049	11875	11814
10049	11875	10071
10049	11875	11866
10049	11875	11860
10049	11875	11842
10049	11875	11832
10049	11875	11830
10049	11875	11855
10049	11875	11877
10049	11875	11865
10049	11875	11868
10049	11875	11867
8263	9950	9952
8263	9950	10001
8263	9950	9999
8263	9950	9947
8263	9950	9957
8263	9950	9992
8263	9950	10023
8263	9950	9955
8263	9950	9979
8263	9950	10014
8263	9950	10009
8263	9950	9962
8263	9950	10000
8263	9950	9980
8263	9950	9941
8263	9950	10020
8263	9950	9881
7725	17397	7705
7725	17397	7760
7725	17397	7726
7725	17397	17409
7725	17397	17399
7725	17397	17422
7725	17397	17407
7725	17397	17418
7725	17397	17396
7725	17397	17402
8912	8913	8922
8912	8913	8921
8912	8913	8914
14977	2797	2801
21534	19141	19122
21534	19141	19147
21534	19141	19146
21534	19141	19208
21534	19141	23617
21534	19141	21536
21534	19141	19194
21534	19141	19157
21534	19141	21583
21534	19141	19124
21534	19141	19176
21534	19141	23612
21534	19141	23606
15045	7726	15163
15045	7726	15106
15045	7726	15057
15045	7726	15123
15045	7726	15055
15045	7726	15092
15045	7726	15155
15045	7726	15103
15045	7726	15102
15045	7726	15068
15045	7726	15158
15045	7726	15046
15045	7726	15076
4323	4252	4847
15914	8786	15949
15914	8786	15922
15914	8786	15962
15914	8786	15989
15914	8786	15937
15914	8786	15979
15914	8786	15972
2141	21864	12465
2141	21864	2100
2262	5355	5320
2262	5355	5317
2262	5355	5280
2262	5355	5336
2262	5355	5362
2262	5355	5345
2262	5355	5303
2262	5355	5338
10321	28091	28088
10321	28091	28107
10321	28091	28133
10321	28091	28115
10321	28091	28122
10321	28091	28093
10321	28091	28109
10321	28091	4269
10321	28091	28094
10321	28091	28106
10321	28091	28104
10321	28091	28138
11566	14068	11554
11566	14068	28714
823	931	2432
823	931	8558
823	931	936
823	931	539
823	931	924
823	931	840
823	931	963
823	931	848
823	931	886
823	931	903
823	931	911
823	931	859
823	931	889
823	931	695
823	931	836
823	931	863
14770	14814	14870
14770	14814	14861
14770	14814	14863
14770	14814	14906
14770	14814	14849
14770	14814	14816
14770	14814	14961
14770	14814	14946
14770	14814	14939
14770	14814	14953
14770	14814	14848
14770	14814	14964
14770	14814	14842
14770	14814	14817
14770	14814	14918
14770	14814	14940
14770	14814	14771
14770	14814	14871
14770	14814	14900
14770	14814	14810
9615	22458	22593
9615	22458	22591
9615	22458	22571
9615	22458	22558
9615	22458	22584
9615	22458	22550
9615	22458	22574
9615	22458	22487
9615	22458	22599
9615	22458	22596
9615	22458	22525
9615	22458	22598
9615	22458	22495
9615	22458	22496
9615	22458	22539
9615	22458	22527
9615	22458	22543
9615	22458	22552
1921	1936	1924
1921	1936	1925
1921	1936	1940
1921	1936	1923
1921	1936	1959
1921	1936	337
1921	1936	1961
1921	1936	1944
1921	1936	1954
1921	1936	1939
1921	1936	1938
1921	1936	1933
1921	1936	1927
1921	1936	1941
1921	1936	1958
1921	1936	1956
1921	1936	1935
1921	1936	1946
1921	1936	1949
10318	10543	28809
10318	10543	28789
10318	10543	28808
10318	10543	28862
2449	2428	29
2449	2428	3272
2449	2428	3225
2449	2428	3164
2449	2428	3093
2449	2428	3288
2449	2428	3238
2449	2428	3105
2449	2428	3036
2449	2428	3050
2449	2428	3040
2449	2428	3112
2449	2428	3158
2449	2428	3037
2449	2428	3220
2449	2428	3256
12651	12618	28714
5388	5392	5565
5388	5392	5422
5388	5392	5545
5388	5392	5423
5388	5392	5455
5388	5392	5556
4252	4417	4269
4252	4417	2459
4252	4417	4385
4252	4417	4393
4252	4417	4395
4252	4417	2472
4252	4417	4384
4252	4417	4260
4252	4417	4300
4252	4417	4255
4252	4417	4420
4252	4417	2463
2598	11949	2596
2598	11949	11883
2598	11949	11946
2598	11949	11894
2598	11949	11900
2598	11949	2611
2598	11949	11966
2598	11949	11908
2598	11949	11955
8926	8938	8115
8926	8938	8952
8926	8938	9052
8926	8938	8993
8926	8938	8979
8926	8938	8992
8926	8938	9044
8926	8938	8975
8926	8938	9089
8926	8938	9051
8926	8938	8144
18708	23569	18712
18708	23569	23583
9557	9614	9611
9557	9614	9605
9557	9614	9588
9557	9614	9577
9557	9614	9568
9557	9614	9584
9557	9614	9593
9557	9614	9598
9557	9614	9618
9557	9614	9563
9557	9614	9587
4902	4972	4937
4902	4972	4961
4902	4972	4965
4902	4972	4913
4902	4972	4966
4902	4972	4943
4902	4972	4995
4902	4972	5008
4902	4972	4944
4902	4972	4968
4902	4972	4918
4902	4972	4946
10102	10294	10204
10102	10294	10200
10102	10294	10194
10102	10294	10215
10102	10294	10219
10102	10294	10114
10102	10294	10209
10102	10294	10134
10102	10294	10233
10102	10294	10140
10102	10294	10168
10102	10294	10156
10102	10294	10132
10102	10294	10186
10102	10294	10179
10102	10294	10289
10102	10294	10221
10102	10294	10203
10102	10294	10177
10102	10294	10185
2350	20021	20017
2350	20021	20059
2350	20021	20107
2350	20021	2360
2350	20021	20081
2350	20021	2369
2350	20021	20022
2350	20021	20027
2350	20021	20023
2350	20021	20100
2350	20021	20069
2350	20021	20026
2350	20021	20066
2350	20021	20046
2350	20021	2370
2350	20021	20101
2350	20021	20080
13295	13335	13321
13295	13335	13420
13295	13335	13381
13295	13335	13372
13295	13335	13297
13295	13335	13373
13295	13335	13353
13295	13335	13338
13295	13335	13385
13295	13335	13465
13295	13335	13380
13295	13335	13395
13295	13335	13469
13295	13335	13367
13295	13335	13462
13295	13335	13352
8670	24224	24166
8670	24224	8781
8670	24224	24169
8670	24224	24183
8670	24224	13966
8670	24224	24247
8670	24224	24212
8670	24224	24190
8670	24224	24233
8670	24224	24254
8670	24224	24201
8670	24224	24200
8670	24224	13999
8670	24224	24259
2432	9346	4899
2432	9346	9361
2432	9346	9283
2432	9346	9388
2432	9346	9228
2432	9346	9230
2432	9346	2523
2432	9346	9260
2432	9346	6643
2432	9346	3253
2432	9346	2533
2432	9346	7885
2432	9346	9307
2432	9346	9339
2432	9346	2522
2432	9346	9332
2432	9346	9305
2432	9346	4284
2432	9346	9309
2432	9346	9211
18704	23797	23774
18704	23797	23783
18704	23797	23779
18704	23797	23791
18704	23797	23771
18704	23797	23770
18704	23797	23793
18704	23797	23788
18704	23797	23768
18704	23797	23775
18704	23797	18705
18704	23797	23769
18704	23797	18707
18704	23797	23777
18704	23797	23789
8668	3307	7089
8668	3307	3361
8668	3307	18505
8668	3307	18444
8668	3307	18509
8668	3307	18436
8668	3307	18448
8668	3307	18501
8668	3307	8724
8668	3307	18474
8668	3307	18481
8668	3307	18496
8668	3307	18429
8668	3307	18407
8668	3307	3309
8668	3307	18494
8668	3307	18513
8668	3307	18446
8668	3307	18471
8668	3307	18469
6923	6918	6912
6923	6918	4253
11265	23637	23715
11265	23637	23676
11265	23637	23692
11265	23637	23744
11265	23637	23647
11265	23637	23707
11265	23637	23761
11265	23637	23705
11265	23637	23750
11265	23637	23671
11265	23637	23732
11265	23637	23632
11265	23637	23741
11265	23637	23696
11265	23637	23638
11265	23637	23620
11265	23637	23708
11265	23637	23766
11265	23637	23635
11265	23637	23641
6799	22438	822
6799	22438	22439
6799	22438	2456
6799	22438	17354
6799	22438	1017
6799	22438	22443
6799	22438	9396
6799	22438	17342
6799	22438	22445
6799	22438	22432
6799	22438	22431
6799	22438	22423
6799	22438	1011
6799	22438	22444
21489	21543	21512
21489	21543	21602
21489	21543	21498
21489	21543	21497
21489	21543	21516
21489	21543	21530
21489	21543	21540
21489	21543	21587
7912	4485	7905
7912	4485	18947
21826	23283	2101
21826	23283	23223
21826	23283	2155
21826	23283	23305
21826	23283	23224
21826	23283	23308
14068	8760	14118
14068	8760	14138
14068	8760	14111
14068	8760	14158
14068	8760	14130
14068	8760	14136
14068	8760	14133
14068	8760	14146
5824	4254	992
5824	4254	4253
5824	4254	9182
7905	7920	7936
7905	7920	7959
7905	7920	7968
7905	7920	7922
7905	7920	7910
7905	7920	7927
7905	7920	7941
7905	7920	4456
7905	7920	7952
7905	7920	7914
8678	14066	13988
8678	14066	14060
8678	14066	8701
8678	14066	13953
8678	14066	13986
8678	14066	14029
8678	14066	13976
8678	14066	7160
8678	14066	8759
8678	14066	14036
8678	14066	13961
8678	14066	8828
8678	14066	13964
8678	14066	8702
8678	14066	14013
8678	14066	14010
8678	14066	14015
8678	14066	14009
8678	14066	14052
8678	14066	14012
1530	6895	6049
1530	6895	28077
1530	6895	28076
1530	6895	28080
1530	6895	28055
1530	6895	28078
1530	6895	1531
1530	6895	1534
6928	6918	6912
29	10506	602
29	10506	547
29	10506	4252
29	10506	1973
29	10506	1991
29	10506	10540
29	10506	603
29	10506	10557
29	10506	1977
29	10506	10511
29	10506	2071
6000	14476	7972
8436	8446	8519
8436	8446	8451
8436	8446	8467
8436	8446	8518
8436	8446	8521
8436	8446	8473
4909	936	4937
4909	936	22111
4909	936	22253
4909	936	22329
4909	936	22162
4909	936	22119
4909	936	11270
4909	936	22266
4909	936	4906
5599	5579	13494
7946	18019	7905
7946	18019	18006
7946	18019	17772
7946	18019	17853
7946	18019	17988
7946	18019	17901
4254	4899	917
4254	4899	2459
4254	4899	4319
4254	4899	6309
4254	4899	11633
4254	4899	11644
4254	4899	6862
4254	4899	9199
4254	4899	11639
4254	4899	11682
4254	4899	11655
4254	4899	9313
4254	4899	11681
4254	4899	11662
4254	4899	11641
4254	4899	6409
2100	2118	21864
2100	2118	2108
2100	2118	2210
2100	2118	2199
2100	2118	2193
2100	2118	2246
2100	2118	2110
2100	2118	2211
2100	2118	2238
2100	2118	2142
2100	2118	2220
2100	2118	2143
2100	2118	2189
2100	2118	2185
2100	2118	2196
2100	2118	2144
2100	2118	2112
2100	2118	2214
2100	2118	2172
2100	2118	2124
1544	1530	1533
1544	1530	1539
1544	1530	1528
1544	1530	6076
1544	1530	1553
1544	1530	1546
1544	1530	6051
1544	1530	1566
1544	1530	6065
1544	1530	1561
1544	1530	6062
1544	1530	6069
1544	1530	6036
1544	1530	6075
1544	1530	6061
1544	1530	6074
1544	1530	6068
1544	1530	6064
1544	1530	6044
1544	1530	6054
7769	9498	9452
7769	9498	9411
7769	9498	9463
7769	9498	7747
7769	9498	7708
7769	9498	9476
7769	9498	9401
7769	9498	7715
7769	9498	9446
7769	9498	9441
7769	9498	9426
7769	9498	7775
12634	12618	7028
2797	2791	2801
2797	2791	27433
2797	2791	27444
2797	2791	27453
2797	2791	22223
2797	2791	27425
2797	2791	2790
2797	2791	27423
2797	2791	27435
2797	2791	6325
2797	2791	22224
2797	2791	27440
2797	2791	16768
9181	4254	9182
30	2432	8558
21904	26516	26457
21904	26516	26539
21904	26516	26513
21904	26516	26493
21904	26516	26499
21904	26516	26507
21904	26516	26545
21904	26516	26481
21904	26516	26506
21904	26516	26488
21904	26516	21935
21904	26516	26468
21904	26516	26462
21904	26516	26496
21904	26516	26544
21904	26516	26497
21904	26516	21865
21904	26516	26491
21904	26516	26509
21904	26516	12506
10298	10442	10345
10298	10442	10366
10298	10442	10429
10298	10442	10379
10298	10442	10359
10298	10442	10351
10298	10442	10417
10298	10442	10490
10298	10442	10327
10298	10442	10398
10298	10442	10371
10298	10442	10466
10298	10442	10496
10298	10442	10313
10298	10442	10489
10298	10442	10389
10298	10442	10431
10298	10442	10488
14659	21373	21362
14659	21373	21356
14659	21373	21339
14659	21373	21341
14659	21373	21349
14659	21373	21342
7089	3307	8695
7089	3307	8753
7089	3307	8693
7089	3307	8679
7089	3307	8716
7089	3307	8686
7089	3307	3383
7089	3307	8870
7089	3307	8807
7089	3307	8878
7089	3307	8762
7089	3307	8792
7089	3307	8859
7089	3307	8769
7089	3307	8799
7089	3307	8848
7089	3307	8868
7089	3307	3329
7089	3307	8713
7089	3307	8691
5983	7995	8040
5983	7995	5980
5983	7995	8889
5983	7995	5999
5983	7995	8893
5983	7995	8887
5983	7995	8888
5983	7995	8892
5983	7995	8906
5983	7995	8897
5983	7995	8901
5983	7995	8904
10513	2428	29
2463	2424	917
2463	2424	1011
2463	2424	6862
8115	8229	8126
8115	8229	8197
8115	8229	8122
8115	8229	8181
8115	8229	8210
8115	8229	8212
8115	8229	8116
8115	8229	8194
8115	8229	8171
8115	8229	8177
10457	9191	10298
1045	25630	1066
1045	25630	25642
1045	25630	25602
1045	25630	1202
1045	25630	25596
1045	25630	25606
1045	25630	25592
1045	25630	25633
4219	10968	11151
4219	10968	11195
4219	10968	11050
4216	4245	4236
4216	4245	4217
4216	4245	4221
4216	4245	4225
4216	4245	4234
4216	4245	4235
4216	4245	4243
4216	4245	4244
4216	4245	4241
4216	4245	4240
4216	4245	4237
4216	4245	4222
4216	4245	4246
4216	4245	4229
4216	4245	4220
4216	4245	4227
25160	2305	2362
25160	2305	25165
25160	2305	25176
25160	2305	2285
25160	2305	25167
25160	2305	25179
25160	2305	25173
25160	2305	2338
25160	2305	25162
25160	2305	25171
25160	2305	25169
25160	2305	25181
25160	2305	25177
25160	2305	25170
25160	2305	25178
13111	13162	13146
13111	13162	13163
13111	13162	13187
13111	13162	13159
13111	13162	13143
13111	13162	13138
13111	13162	13118
13111	13162	13124
13111	13162	13136
13111	13162	13176
13111	13162	5895
13111	13162	13186
13111	13162	13194
5598	5599	5693
5598	5599	7409
5598	5599	7410
5598	5599	5615
5598	5599	7407
