856	10316	8538
856	10316	10321
856	10316	823
19595	20929	1570
19595	20929	1533
19595	20929	20886
19595	20929	20922
19595	20929	20870
19595	20929	20859
19595	20929	20895
19595	20929	20868
19595	20929	1554
19595	20929	20875
862	4254	4253
862	4254	6793
862	4254	9182
8926	8938	8115
8926	8938	8952
8926	8938	9052
8926	8938	8993
8926	8938	8979
8926	8938	8992
8926	8938	9044
8926	8938	8975
8926	8938	9089
8926	8938	9051
8926	8938	8144
19122	19211	19184
19122	19211	19181
19122	19211	19156
19122	19211	19191
19122	19211	19189
19122	19211	19147
19122	19211	19146
19122	19211	19204
19122	19211	19215
19122	19211	19177
19122	19211	19130
19122	19211	19185
19122	19211	19128
19122	19211	19187
14659	21373	21362
14659	21373	21356
14659	21373	21339
14659	21373	21341
14659	21373	21349
14659	21373	21342
4796	25504	25519
10601	4110	1066
10601	4110	16660
10601	4110	16711
10601	4110	16708
10601	4110	16666
10601	4110	10588
10601	4110	16684
10601	4110	16674
10601	4110	16667
10601	4110	16643
10601	4110	16701
10601	4110	4079
10601	4110	10586
10601	4110	16699
10601	4110	16702
6912	6933	88
6912	6933	6918
6912	6933	6987
6912	6933	6972
6912	6933	7005
6912	6933	6998
6912	6933	6917
6912	6933	6975
6912	6933	7015
6912	6933	6971
6912	6933	6955
6912	6933	6985
6912	6933	7010
6912	6933	6961
6912	6933	6938
6912	6933	7001
7905	7920	7936
7905	7920	7959
7905	7920	7968
7905	7920	7922
7905	7920	7910
7905	7920	7927
7905	7920	7941
7905	7920	4456
7905	7920	7952
7905	7920	7914
9595	17533	17506
9595	17533	17526
9595	17533	17529
9595	17533	17528
9595	17533	17530
9595	17533	17479
21534	19141	19122
21534	19141	19147
21534	19141	19146
21534	19141	19208
21534	19141	23617
21534	19141	21536
21534	19141	19194
21534	19141	19157
21534	19141	21583
21534	19141	19124
21534	19141	19176
21534	19141	23612
21534	19141	23606
12634	12618	7028
20247	22371	26755
20247	22371	26733
20247	22371	13335
27132	27170	27247
27132	27170	27157
27132	27170	27219
27132	27170	27187
27132	27170	27272
27132	27170	27212
27132	27170	27197
27132	27170	27228
10316	10298	4871
10316	10298	4872
10316	10298	11759
10316	10298	24271
10316	10298	24281
10316	10298	24272
10316	10298	11811
10316	10298	11691
10316	10298	24278
10316	10298	11725
10316	10298	24287
10316	10298	4886
10316	10298	24274
10316	10298	24269
10316	10298	11680
10316	10298	11626
10316	10298	24276
10316	10298	24280
10316	10298	2065
10316	10298	11760
2463	2424	917
2463	2424	1011
2463	2424	6862
10298	10442	10345
10298	10442	10366
10298	10442	10429
10298	10442	10379
10298	10442	10359
10298	10442	10351
10298	10442	10417
10298	10442	10490
10298	10442	10327
10298	10442	10398
10298	10442	10371
10298	10442	10466
10298	10442	10496
10298	10442	10313
10298	10442	10489
10298	10442	10389
10298	10442	10431
10298	10442	10488
13295	13335	13321
13295	13335	13420
13295	13335	13381
13295	13335	13372
13295	13335	13297
13295	13335	13373
13295	13335	13353
13295	13335	13338
13295	13335	13385
13295	13335	13465
13295	13335	13380
13295	13335	13395
13295	13335	13469
13295	13335	13367
13295	13335	13462
13295	13335	13352
14977	2797	2801
6793	19965	917
6793	19965	2475
6793	19965	823
6793	19965	19935
6793	19965	19976
6793	19965	19952
6793	19965	19975
6793	19965	16269
6793	19965	19948
6793	19965	19951
6793	19965	6699
6793	19965	19980
2610	12921	2596
2610	12921	2611
2610	12921	12912
2610	12921	12914
2610	12921	12908
2610	12921	12923
2610	12921	12915
2610	12921	12918
3305	3331	3325
3305	3331	3332
3305	3331	3306
3305	3331	3313
3305	3331	3408
3305	3331	3323
3305	3331	3353
3305	3331	3405
3305	3331	3397
3305	3331	3328
3305	3331	3393
3305	3331	3352
3305	3331	3371
3305	3331	3388
3305	3331	3379
3305	3331	3311
3305	3331	3401
3305	3331	3386
21904	26516	26457
21904	26516	26539
21904	26516	26513
21904	26516	26493
21904	26516	26499
21904	26516	26507
21904	26516	26545
21904	26516	26481
21904	26516	26506
21904	26516	26488
21904	26516	21935
21904	26516	26468
21904	26516	26462
21904	26516	26496
21904	26516	26544
21904	26516	26497
21904	26516	21865
21904	26516	26491
21904	26516	26509
21904	26516	12506
4585	4586	4605
4585	4586	16183
4585	4586	16129
4585	4586	7905
4585	4586	16093
4585	4586	16128
4585	4586	16171
4585	4586	16112
4585	4586	16095
4585	4586	16179
4585	4586	4624
4585	4586	16211
4585	4586	16131
4585	4586	16089
4585	4586	16116
4585	4586	16196
4585	4586	16206
19183	21534	19122
8134	12863	12805
8134	12863	8214
8134	12863	12826
8134	12863	12886
8134	12863	12787
8134	12863	12806
8134	12863	12812
8134	12863	12818
8134	12863	12759
8134	12863	12883
8134	12863	12856
8134	12863	12778
8134	12863	12845
8134	12863	12789
8134	12863	12819
8134	12863	12849
493	26606	257
493	26606	2015
493	26606	29
493	26606	2013
493	26606	26615
493	26606	518
493	26606	26657
7024	7035	7287
7024	7035	7288
7024	7035	7233
7024	7035	7306
7024	7035	7293
7024	7035	7068
7024	7035	7167
7024	7035	7217
7024	7035	7319
7024	7035	7302
7024	7035	7149
7024	7035	7058
7024	7035	7242
7024	7035	7081
7024	7035	7223
7024	7035	7295
7024	7035	7264
7024	7035	7238
18708	23569	18712
18708	23569	23583
10324	27128	4899
10324	27128	27102
10324	27128	1925
10324	27128	27091
10324	27128	4871
10324	27128	27118
10324	27128	6866
10324	27128	27111
10324	27128	19552
10324	27128	27103
8436	8446	8519
8436	8446	8451
8436	8446	8467
8436	8446	8518
8436	8446	8521
8436	8446	8473
12618	12628	12643
12618	12628	12621
12618	12628	12641
12618	12628	7519
12618	12628	7533
12618	12628	12642
10299	11352	11350
10299	11352	11334
10299	11352	11394
10299	11352	11373
10299	11352	11336
10299	11352	11389
10299	11352	11348
10299	11352	11391
10299	11352	11355
10299	11352	11384
10299	11352	11381
10299	11352	11341
10299	11352	11386
10299	11352	11344
10299	11352	11396
10299	11352	11397
10299	11352	11380
10299	11352	11372
10299	11352	11357
823	931	2432
823	931	8558
823	931	936
823	931	539
823	931	924
823	931	840
823	931	963
823	931	848
823	931	886
823	931	903
823	931	911
823	931	859
823	931	889
823	931	695
823	931	836
823	931	863
11306	16348	10935
11306	16348	8589
11306	16348	2523
11306	16348	16344
11306	16348	11316
11306	16348	16331
11306	16348	2542
11306	16348	16322
11306	16348	16351
11306	16348	16366
11306	16348	14684
11306	16348	16364
11306	16348	16307
11306	16348	16319
6309	6605	6519
6309	6605	6653
6309	6605	6548
6309	6605	6573
6309	6605	6463
9515	9529	9553
9515	9529	9538
9515	9529	9534
9515	9529	9535
698	712	761
698	712	780
698	712	793
698	712	779
698	712	778
698	712	730
698	712	735
698	712	759
698	712	745
698	712	783
698	712	707
698	712	713
698	712	736
698	712	724
698	712	753
698	712	792
698	712	770
8670	24224	24166
8670	24224	8781
8670	24224	24169
8670	24224	24183
8670	24224	13966
8670	24224	24247
8670	24224	24212
8670	24224	24190
8670	24224	24233
8670	24224	24254
8670	24224	24201
8670	24224	24200
8670	24224	13999
8670	24224	24259
30	2432	8558
8668	3307	7089
8668	3307	3361
8668	3307	18505
8668	3307	18444
8668	3307	18509
8668	3307	18436
8668	3307	18448
8668	3307	18501
8668	3307	8724
8668	3307	18474
8668	3307	18481
8668	3307	18496
8668	3307	18429
8668	3307	18407
8668	3307	3309
8668	3307	18494
8668	3307	18513
8668	3307	18446
8668	3307	18471
8668	3307	18469
19635	21755	19654
19635	21755	21711
19635	21755	19714
19635	21755	21729
1544	1530	1533
1544	1530	1539
1544	1530	1528
1544	1530	6076
1544	1530	1553
1544	1530	1546
1544	1530	6051
1544	1530	1566
1544	1530	6065
1544	1530	1561
1544	1530	6062
1544	1530	6069
1544	1530	6036
1544	1530	6075
1544	1530	6061
1544	1530	6074
1544	1530	6068
1544	1530	6064
1544	1530	6044
1544	1530	6054
2257	2267	2322
21826	23283	2101
21826	23283	23223
21826	23283	2155
21826	23283	23305
21826	23283	23224
21826	23283	23308
3411	3451	3770
3411	3451	3626
3411	3451	3423
3411	3451	3546
3411	3451	3812
3411	3451	3769
3411	3451	3460
3411	3451	3887
3411	3451	3613
3411	3451	3639
12651	12618	28714
3338	20445	20313
3338	20445	20516
4695	4789	4698
4695	4789	4728
4695	4789	4768
4695	4789	4737
4695	4789	4771
4695	4789	4739
4695	4789	4748
4695	4789	4709
4695	4789	4756
4695	4789	4791
4695	4789	4772
4695	4789	4831
8115	8229	8126
8115	8229	8197
8115	8229	8122
8115	8229	8181
8115	8229	8210
8115	8229	8212
8115	8229	8116
8115	8229	8194
8115	8229	8171
8115	8229	8177
2350	20021	20017
2350	20021	20059
2350	20021	20107
2350	20021	2360
2350	20021	20081
2350	20021	2369
2350	20021	20022
2350	20021	20027
2350	20021	20023
2350	20021	20100
2350	20021	20069
2350	20021	20026
2350	20021	20066
2350	20021	20046
2350	20021	2370
2350	20021	20101
2350	20021	20080
7939	18334	18358
7939	18334	7945
7939	18334	18371
7939	18334	7928
7939	18334	7959
7939	18334	18389
7939	18334	18399
7939	18334	18366
7939	18334	18390
7939	18334	18369
7939	18334	18373
10102	10294	10204
10102	10294	10200
10102	10294	10194
10102	10294	10215
10102	10294	10219
10102	10294	10114
10102	10294	10209
10102	10294	10134
10102	10294	10233
10102	10294	10140
10102	10294	10168
10102	10294	10156
10102	10294	10132
10102	10294	10186
10102	10294	10179
10102	10294	10289
10102	10294	10221
10102	10294	10203
10102	10294	10177
10102	10294	10185
11566	14068	11554
11566	14068	28714
18703	4997	18727
18703	4997	6145
18703	4997	11264
18703	4997	18740
18703	4997	18715
18703	4997	18737
18703	4997	18721
18703	4997	18723
18703	4997	18739
18703	4997	18717
18703	4997	18738
18703	4997	18719
18703	4997	18711
18703	4997	18730
18703	4997	6805
18703	4997	18732
18703	4997	18736
6888	18207	18319
6888	18207	18244
6888	18207	18224
6888	18207	18203
6888	18207	6886
6888	18207	18262
6888	18207	18301
6888	18207	18310
6888	18207	18293
6888	18207	6897
6888	18207	6890
6888	18207	6908
6888	18207	18303
6888	18207	18223
6888	18207	18316
6888	18207	18328
6888	18207	18318
6888	18207	18324
6888	18207	18315
6888	18207	18236
21034	21109	21043
21034	21109	21042
21034	21109	21069
21034	21109	21047
2530	2428	4254
10049	11875	21864
10049	11875	11819
10049	11875	10048
10049	11875	11870
10049	11875	11817
10049	11875	11879
10049	11875	2111
10049	11875	2136
10049	11875	11814
10049	11875	10071
10049	11875	11866
10049	11875	11860
10049	11875	11842
10049	11875	11832
10049	11875	11830
10049	11875	11855
10049	11875	11877
10049	11875	11865
10049	11875	11868
10049	11875	11867
28714	8835	8679
28714	8835	28738
28714	8835	28785
28714	8835	28770
28714	8835	28772
28714	8835	28780
28714	8835	28788
28714	8835	28754
28714	8835	28781
28714	8835	28727
28714	8835	28715
28714	8835	28746
28714	8835	28716
28714	8835	28733
28714	8835	28748
2428	19532	3253
2428	19532	2424
2428	19532	5833
2428	19532	2433
2428	19532	17541
2428	19532	2475
2428	19532	822
2428	19532	13569
2428	19532	9273
2428	19532	19568
2428	19532	19542
2428	19532	6475
2428	19532	6728
2428	19532	10523
2428	19532	19567
2428	19532	19538
2428	19532	19580
2428	19532	19544
4253	88	4698
4253	88	2429
4253	88	1017
4253	88	16309
4253	88	5829
4253	88	24002
4253	88	23941
4253	88	23970
4253	88	23930
4253	88	23944
4253	88	24039
4253	88	6970
4253	88	23940
4253	88	23956
4253	88	24035
4253	88	925
4253	88	24034
4253	88	23968
4253	88	23980
4253	88	24027
8717	8668	7089
8717	8668	3338
29	10506	602
29	10506	547
29	10506	4252
29	10506	1973
29	10506	1991
29	10506	10540
29	10506	603
29	10506	10557
29	10506	1977
29	10506	10511
29	10506	2071
2262	5355	5320
2262	5355	5317
2262	5355	5280
2262	5355	5336
2262	5355	5362
2262	5355	5345
2262	5355	5303
2262	5355	5338
4252	4417	4269
4252	4417	2459
4252	4417	4385
4252	4417	4393
4252	4417	4395
4252	4417	2472
4252	4417	4384
4252	4417	4260
4252	4417	4300
4252	4417	4255
4252	4417	4420
4252	4417	2463
8232	8238	8268
8232	8238	8255
8232	8238	8295
8232	8238	8290
8232	8238	8307
8232	8238	8261
8232	8238	8254
8232	8238	8277
8232	8238	8300
8232	8238	8246
8232	8238	8287
8232	8238	8303
8232	8238	8284
8232	8238	8316
8232	8238	8269
8232	8238	8242
8232	8238	7266
8232	8238	8308
8232	8238	8249
11265	23637	23715
11265	23637	23676
11265	23637	23692
11265	23637	23744
11265	23637	23647
11265	23637	23707
11265	23637	23761
11265	23637	23705
11265	23637	23750
11265	23637	23671
11265	23637	23732
11265	23637	23632
11265	23637	23741
11265	23637	23696
11265	23637	23638
11265	23637	23620
11265	23637	23708
11265	23637	23766
11265	23637	23635
11265	23637	23641
15914	8786	15949
15914	8786	15922
15914	8786	15962
15914	8786	15989
15914	8786	15937
15914	8786	15979
15914	8786	15972
9191	2817	21186
9191	2817	15248
9191	2817	21156
9191	2817	88
9191	2817	21182
9191	2817	21142
9191	2817	21144
9191	2817	21160
9191	2817	19532
9191	2817	21167
9191	2817	21151
9191	2817	21188
9191	2817	21139
10321	28091	28088
10321	28091	28107
10321	28091	28133
10321	28091	28115
10321	28091	28122
10321	28091	28093
10321	28091	28109
10321	28091	4269
10321	28091	28094
10321	28091	28106
10321	28091	28104
10321	28091	28138
12540	12615	12604
12540	12615	12610
12540	12615	12602
12540	12615	12579
12540	12615	12613
12540	12615	12608
12540	12615	12592
12540	12615	12564
12540	12615	12560
12540	12615	12612
12540	12615	12569
12540	12615	12566
5983	7995	8040
5983	7995	5980
5983	7995	8889
5983	7995	5999
5983	7995	8893
5983	7995	8887
5983	7995	8888
5983	7995	8892
5983	7995	8906
5983	7995	8897
5983	7995	8901
5983	7995	8904
2100	2118	21864
2100	2118	2108
2100	2118	2210
2100	2118	2199
2100	2118	2193
2100	2118	2246
2100	2118	2110
2100	2118	2211
2100	2118	2238
2100	2118	2142
2100	2118	2220
2100	2118	2143
2100	2118	2189
2100	2118	2185
2100	2118	2196
2100	2118	2144
2100	2118	2112
2100	2118	2214
2100	2118	2172
2100	2118	2124
2449	2428	29
2449	2428	3272
2449	2428	3225
2449	2428	3164
2449	2428	3093
2449	2428	3288
2449	2428	3238
2449	2428	3105
2449	2428	3036
2449	2428	3050
2449	2428	3040
2449	2428	3112
2449	2428	3158
2449	2428	3037
2449	2428	3220
2449	2428	3256
5824	4254	992
5824	4254	4253
5824	4254	9182
17141	17256	5565
17141	17256	17143
17141	17256	17279
17141	17256	17261
17141	17256	17147
17141	17256	17283
17141	17256	17312
17141	17256	17217
17141	17256	17200
17141	17256	17154
17141	17256	17182
17141	17256	17333
17141	17256	17255
17141	17256	17228
17141	17256	17298
17141	17256	17158
17141	17256	17274
17141	17256	17259
17141	17256	17184
17141	17256	17193
1045	25630	1066
1045	25630	25642
1045	25630	25602
1045	25630	1202
1045	25630	25596
1045	25630	25606
1045	25630	25592
1045	25630	25633
2141	21864	12465
2141	21864	2100
