4219	10968	11151
4219	10968	11195
4219	10968	11050
6799	22438	822
6799	22438	22439
6799	22438	2456
6799	22438	17354
6799	22438	1017
6799	22438	22443
6799	22438	9396
6799	22438	17342
6799	22438	22445
6799	22438	22432
6799	22438	22431
6799	22438	22423
6799	22438	1011
6799	22438	22444
19821	19866	19919
19821	19866	19912
19821	19866	19828
19821	19866	19888
19821	19866	19923
19821	19866	19893
19821	19866	19896
19821	19866	19903
19821	19866	9710
19821	19866	19902
18947	27970	18941
18947	27970	27997
18947	27970	18774
18947	27970	27955
18947	27970	27956
18947	27970	18760
18947	27970	27971
823	931	2432
823	931	8558
823	931	936
823	931	539
823	931	924
823	931	840
823	931	963
823	931	848
823	931	886
823	931	903
823	931	911
823	931	859
823	931	889
823	931	695
823	931	836
823	931	863
14770	14814	14870
14770	14814	14861
14770	14814	14863
14770	14814	14906
14770	14814	14849
14770	14814	14816
14770	14814	14961
14770	14814	14946
14770	14814	14939
14770	14814	14953
14770	14814	14848
14770	14814	14964
14770	14814	14842
14770	14814	14817
14770	14814	14918
14770	14814	14940
14770	14814	14771
14770	14814	14871
14770	14814	14900
14770	14814	14810
2257	2267	2322
8926	8938	8115
8926	8938	8952
8926	8938	9052
8926	8938	8993
8926	8938	8979
8926	8938	8992
8926	8938	9044
8926	8938	8975
8926	8938	9089
8926	8938	9051
8926	8938	8144
2100	2118	21864
2100	2118	2108
2100	2118	2210
2100	2118	2199
2100	2118	2193
2100	2118	2246
2100	2118	2110
2100	2118	2211
2100	2118	2238
2100	2118	2142
2100	2118	2220
2100	2118	2143
2100	2118	2189
2100	2118	2185
2100	2118	2196
2100	2118	2144
2100	2118	2112
2100	2118	2214
2100	2118	2172
2100	2118	2124
4249	5980	6017
4249	5980	5976
4249	5980	4247
4249	5980	6000
4249	5980	5987
4249	5980	6026
4249	5980	6031
4249	5980	5994
4249	5980	6003
4249	5980	6013
4249	5980	6027
10601	4110	1066
10601	4110	16660
10601	4110	16711
10601	4110	16708
10601	4110	16666
10601	4110	10588
10601	4110	16684
10601	4110	16674
10601	4110	16667
10601	4110	16643
10601	4110	16701
10601	4110	4079
10601	4110	10586
10601	4110	16699
10601	4110	16702
10321	28091	28088
10321	28091	28107
10321	28091	28133
10321	28091	28115
10321	28091	28122
10321	28091	28093
10321	28091	28109
10321	28091	4269
10321	28091	28094
10321	28091	28106
10321	28091	28104
10321	28091	28138
8134	12863	12805
8134	12863	8214
8134	12863	12826
8134	12863	12886
8134	12863	12787
8134	12863	12806
8134	12863	12812
8134	12863	12818
8134	12863	12759
8134	12863	12883
8134	12863	12856
8134	12863	12778
8134	12863	12845
8134	12863	12789
8134	12863	12819
8134	12863	12849
8263	9950	9952
8263	9950	10001
8263	9950	9999
8263	9950	9947
8263	9950	9957
8263	9950	9992
8263	9950	10023
8263	9950	9955
8263	9950	9979
8263	9950	10014
8263	9950	10009
8263	9950	9962
8263	9950	10000
8263	9950	9980
8263	9950	9941
8263	9950	10020
8263	9950	9881
1921	1936	1924
1921	1936	1925
1921	1936	1940
1921	1936	1923
1921	1936	1959
1921	1936	337
1921	1936	1961
1921	1936	1944
1921	1936	1954
1921	1936	1939
1921	1936	1938
1921	1936	1933
1921	1936	1927
1921	1936	1941
1921	1936	1958
1921	1936	1956
1921	1936	1935
1921	1936	1946
1921	1936	1949
10049	11875	21864
10049	11875	11819
10049	11875	10048
10049	11875	11870
10049	11875	11817
10049	11875	11879
10049	11875	2111
10049	11875	2136
10049	11875	11814
10049	11875	10071
10049	11875	11866
10049	11875	11860
10049	11875	11842
10049	11875	11832
10049	11875	11830
10049	11875	11855
10049	11875	11877
10049	11875	11865
10049	11875	11868
10049	11875	11867
1530	6895	6049
1530	6895	28077
1530	6895	28076
1530	6895	28080
1530	6895	28055
1530	6895	28078
1530	6895	1531
1530	6895	1534
10298	10442	10345
10298	10442	10366
10298	10442	10429
10298	10442	10379
10298	10442	10359
10298	10442	10351
10298	10442	10417
10298	10442	10490
10298	10442	10327
10298	10442	10398
10298	10442	10371
10298	10442	10466
10298	10442	10496
10298	10442	10313
10298	10442	10489
10298	10442	10389
10298	10442	10431
10298	10442	10488
7091	22074	7398
7091	22074	22013
7091	22074	21987
7091	22074	12939
3100	20812	11298
7797	24907	24849
7797	24907	24853
7797	24907	24824
7797	24907	24863
7797	24907	24793
7797	24907	24842
7797	24907	24800
7797	24907	24933
7797	24907	24888
7797	24907	24862
7797	24907	24919
7797	24907	24829
7797	24907	24884
7797	24907	9453
7797	24907	24848
7797	24907	24957
7797	24907	9488
7797	24907	24877
7797	24907	24826
7797	24907	19786
5598	5599	5693
5598	5599	7409
5598	5599	7410
5598	5599	5615
5598	5599	7407
2598	11949	2596
2598	11949	11883
2598	11949	11946
2598	11949	11894
2598	11949	11900
2598	11949	2611
2598	11949	11966
2598	11949	11908
2598	11949	11955
546	4847	562
546	4847	4864
546	4847	4883
546	4847	4884
546	4847	4852
546	4847	4896
546	4847	4880
6309	6605	6519
6309	6605	6653
6309	6605	6548
6309	6605	6573
6309	6605	6463
19183	21534	19122
8324	8387	8368
8324	8387	8404
8324	8387	8359
21826	23283	2101
21826	23283	23223
21826	23283	2155
21826	23283	23305
21826	23283	23224
21826	23283	23308
5388	5392	5565
5388	5392	5422
5388	5392	5545
5388	5392	5423
5388	5392	5455
5388	5392	5556
6888	18207	18319
6888	18207	18244
6888	18207	18224
6888	18207	18203
6888	18207	6886
6888	18207	18262
6888	18207	18301
6888	18207	18310
6888	18207	18293
6888	18207	6897
6888	18207	6890
6888	18207	6908
6888	18207	18303
6888	18207	18223
6888	18207	18316
6888	18207	18328
6888	18207	18318
6888	18207	18324
6888	18207	18315
6888	18207	18236
28714	8835	8679
28714	8835	28738
28714	8835	28785
28714	8835	28770
28714	8835	28772
28714	8835	28780
28714	8835	28788
28714	8835	28754
28714	8835	28781
28714	8835	28727
28714	8835	28715
28714	8835	28746
28714	8835	28716
28714	8835	28733
28714	8835	28748
7905	7920	7936
7905	7920	7959
7905	7920	7968
7905	7920	7922
7905	7920	7910
7905	7920	7927
7905	7920	7941
7905	7920	4456
7905	7920	7952
7905	7920	7914
5983	7995	8040
5983	7995	5980
5983	7995	8889
5983	7995	5999
5983	7995	8893
5983	7995	8887
5983	7995	8888
5983	7995	8892
5983	7995	8906
5983	7995	8897
5983	7995	8901
5983	7995	8904
13111	13162	13146
13111	13162	13163
13111	13162	13187
13111	13162	13159
13111	13162	13143
13111	13162	13138
13111	13162	13118
13111	13162	13124
13111	13162	13136
13111	13162	13176
13111	13162	5895
13111	13162	13186
13111	13162	13194
21534	19141	19122
21534	19141	19147
21534	19141	19146
21534	19141	19208
21534	19141	23617
21534	19141	21536
21534	19141	19194
21534	19141	19157
21534	19141	21583
21534	19141	19124
21534	19141	19176
21534	19141	23612
21534	19141	23606
9182	9776	10298
9182	9776	2475
9182	9776	6359
9182	9776	1981
9182	9776	9753
9182	9776	9783
9182	9776	6795
9182	9776	9289
9182	9776	3155
9182	9776	9774
9182	9776	9752
8668	3307	7089
8668	3307	3361
8668	3307	18505
8668	3307	18444
8668	3307	18509
8668	3307	18436
8668	3307	18448
8668	3307	18501
8668	3307	8724
8668	3307	18474
8668	3307	18481
8668	3307	18496
8668	3307	18429
8668	3307	18407
8668	3307	3309
8668	3307	18494
8668	3307	18513
8668	3307	18446
8668	3307	18471
8668	3307	18469
29	10506	602
29	10506	547
29	10506	4252
29	10506	1973
29	10506	1991
29	10506	10540
29	10506	603
29	10506	10557
29	10506	1977
29	10506	10511
29	10506	2071
10324	27128	4899
10324	27128	27102
10324	27128	1925
10324	27128	27091
10324	27128	4871
10324	27128	27118
10324	27128	6866
10324	27128	27111
10324	27128	19552
10324	27128	27103
2463	2424	917
2463	2424	1011
2463	2424	6862
4253	88	4698
4253	88	2429
4253	88	1017
4253	88	16309
4253	88	5829
4253	88	24002
4253	88	23941
4253	88	23970
4253	88	23930
4253	88	23944
4253	88	24039
4253	88	6970
4253	88	23940
4253	88	23956
4253	88	24035
4253	88	925
4253	88	24034
4253	88	23968
4253	88	23980
4253	88	24027
8678	14066	13988
8678	14066	14060
8678	14066	8701
8678	14066	13953
8678	14066	13986
8678	14066	14029
8678	14066	13976
8678	14066	7160
8678	14066	8759
8678	14066	14036
8678	14066	13961
8678	14066	8828
8678	14066	13964
8678	14066	8702
8678	14066	14013
8678	14066	14010
8678	14066	14015
8678	14066	14009
8678	14066	14052
8678	14066	14012
7939	18334	18358
7939	18334	7945
7939	18334	18371
7939	18334	7928
7939	18334	7959
7939	18334	18389
7939	18334	18399
7939	18334	18366
7939	18334	18390
7939	18334	18369
7939	18334	18373
6895	28177	6886
6895	28177	936
6895	28177	28185
6895	28177	28204
6895	28177	28152
6895	28177	28176
6895	28177	10758
6895	28177	28049
6895	28177	28054
6895	28177	28150
6895	28177	28184
6895	28177	28197
6895	28177	28158
6895	28177	28151
6895	28177	10789
6895	28177	28216
3305	3331	3325
3305	3331	3332
3305	3331	3306
3305	3331	3313
3305	3331	3408
3305	3331	3323
3305	3331	3353
3305	3331	3405
3305	3331	3397
3305	3331	3328
3305	3331	3393
3305	3331	3352
3305	3331	3371
3305	3331	3388
3305	3331	3379
3305	3331	3311
3305	3331	3401
3305	3331	3386
9615	22458	22593
9615	22458	22591
9615	22458	22571
9615	22458	22558
9615	22458	22584
9615	22458	22550
9615	22458	22574
9615	22458	22487
9615	22458	22599
9615	22458	22596
9615	22458	22525
9615	22458	22598
9615	22458	22495
9615	22458	22496
9615	22458	22539
9615	22458	22527
9615	22458	22543
9615	22458	22552
14659	21373	21362
14659	21373	21356
14659	21373	21339
14659	21373	21341
14659	21373	21349
14659	21373	21342
795	813	822
795	813	807
795	813	797
795	813	800
795	813	821
795	813	799
795	813	808
795	813	806
2432	9346	4899
2432	9346	9361
2432	9346	9283
2432	9346	9388
2432	9346	9228
2432	9346	9230
2432	9346	2523
2432	9346	9260
2432	9346	6643
2432	9346	3253
2432	9346	2533
2432	9346	7885
2432	9346	9307
2432	9346	9339
2432	9346	2522
2432	9346	9332
2432	9346	9305
2432	9346	4284
2432	9346	9309
2432	9346	9211
10102	10294	10204
10102	10294	10200
10102	10294	10194
10102	10294	10215
10102	10294	10219
10102	10294	10114
10102	10294	10209
10102	10294	10134
10102	10294	10233
10102	10294	10140
10102	10294	10168
10102	10294	10156
10102	10294	10132
10102	10294	10186
10102	10294	10179
10102	10294	10289
10102	10294	10221
10102	10294	10203
10102	10294	10177
10102	10294	10185
9515	9529	9553
9515	9529	9538
9515	9529	9534
9515	9529	9535
11265	23637	23715
11265	23637	23676
11265	23637	23692
11265	23637	23744
11265	23637	23647
11265	23637	23707
11265	23637	23761
11265	23637	23705
11265	23637	23750
11265	23637	23671
11265	23637	23732
11265	23637	23632
11265	23637	23741
11265	23637	23696
11265	23637	23638
11265	23637	23620
11265	23637	23708
11265	23637	23766
11265	23637	23635
11265	23637	23641
2141	21864	12465
2141	21864	2100
14068	8760	14118
14068	8760	14138
14068	8760	14111
14068	8760	14158
14068	8760	14130
14068	8760	14136
14068	8760	14133
14068	8760	14146
920	823	10299
20812	20834	20817
20812	20834	20814
20812	20834	20833
21759	21764	21772
21759	21764	15110
21759	21764	21781
21759	21764	21784
21759	21764	21774
21759	21764	21768
21759	21764	21761
21759	21764	7726
21759	21764	21765
21759	21764	7768
21759	21764	9406
21759	21764	21779
21759	21764	21763
21759	21764	21762
12618	12628	12643
12618	12628	12621
12618	12628	12641
12618	12628	7519
12618	12628	7533
12618	12628	12642
4796	25504	25519
6000	14476	7972
1924	26121	917
1924	26121	2459
1924	26121	26255
1924	26121	26193
1924	26121	26167
1924	26121	2451
1924	26121	26278
1924	26121	26111
1924	26121	26261
1924	26121	2485
1924	26121	6086
1924	26121	5595
1924	26121	4319
11300	14723	14678
11300	14723	14677
11300	14723	8127
11300	14723	11303
11300	14723	14688
11300	14723	11316
11300	14723	14734
2449	2428	29
2449	2428	3272
2449	2428	3225
2449	2428	3164
2449	2428	3093
2449	2428	3288
2449	2428	3238
2449	2428	3105
2449	2428	3036
2449	2428	3050
2449	2428	3040
2449	2428	3112
2449	2428	3158
2449	2428	3037
2449	2428	3220
2449	2428	3256
2797	2791	2801
2797	2791	27433
2797	2791	27444
2797	2791	27453
2797	2791	22223
2797	2791	27425
2797	2791	2790
2797	2791	27423
2797	2791	27435
2797	2791	6325
2797	2791	22224
2797	2791	27440
2797	2791	16768
8717	8668	7089
8717	8668	3338
856	10316	8538
856	10316	10321
856	10316	823
18703	4997	18727
18703	4997	6145
18703	4997	11264
18703	4997	18740
18703	4997	18715
18703	4997	18737
18703	4997	18721
18703	4997	18723
18703	4997	18739
18703	4997	18717
18703	4997	18738
18703	4997	18719
18703	4997	18711
18703	4997	18730
18703	4997	6805
18703	4997	18732
18703	4997	18736
17141	17256	5565
17141	17256	17143
17141	17256	17279
17141	17256	17261
17141	17256	17147
17141	17256	17283
17141	17256	17312
17141	17256	17217
17141	17256	17200
17141	17256	17154
17141	17256	17182
17141	17256	17333
17141	17256	17255
17141	17256	17228
17141	17256	17298
17141	17256	17158
17141	17256	17274
17141	17256	17259
17141	17256	17184
17141	17256	17193
10457	9191	10298
4902	4972	4937
4902	4972	4961
4902	4972	4965
4902	4972	4913
4902	4972	4966
4902	4972	4943
4902	4972	4995
4902	4972	5008
4902	4972	4944
4902	4972	4968
4902	4972	4918
4902	4972	4946
25449	25480	25453
25449	25480	25476
25449	25480	25471
25449	25480	25477
25449	25480	25457
25449	25480	25462
25449	25480	25473
25449	25480	25459
25449	25480	25475
25449	25480	25481
25449	25480	25469
25449	25480	25465
25449	25480	795
25449	25480	25468
25449	25480	25472
25449	25480	25464
25449	25480	25450
25449	25480	25458
25449	25480	25451
25449	25480	25470
7089	3307	8695
7089	3307	8753
7089	3307	8693
7089	3307	8679
7089	3307	8716
7089	3307	8686
7089	3307	3383
7089	3307	8870
7089	3307	8807
7089	3307	8878
7089	3307	8762
7089	3307	8792
7089	3307	8859
7089	3307	8769
7089	3307	8799
7089	3307	8848
7089	3307	8868
7089	3307	3329
7089	3307	8713
7089	3307	8691
30	2432	8558
5824	4254	992
5824	4254	4253
5824	4254	9182
3411	3451	3770
3411	3451	3626
3411	3451	3423
3411	3451	3546
3411	3451	3812
3411	3451	3769
3411	3451	3460
3411	3451	3887
3411	3451	3613
3411	3451	3639
2428	19532	3253
2428	19532	2424
2428	19532	5833
2428	19532	2433
2428	19532	17541
2428	19532	2475
2428	19532	822
2428	19532	13569
2428	19532	9273
2428	19532	19568
2428	19532	19542
2428	19532	6475
2428	19532	6728
2428	19532	10523
2428	19532	19567
2428	19532	19538
2428	19532	19580
2428	19532	19544
12651	12618	28714
8266	8232	8263
27132	27170	27247
27132	27170	27157
27132	27170	27219
27132	27170	27187
27132	27170	27272
27132	27170	27212
27132	27170	27197
27132	27170	27228
25182	25267	25244
25182	25267	25280
25182	25267	25255
8739	9515	24746
8739	9515	24739
8739	9515	24756
8739	9515	24758
8739	9515	24737
8739	9515	24781
8739	9515	24776
8739	9515	24757
8739	9515	24764
8739	9515	24734
8739	9515	24745
8739	9515	24748
19635	21755	19654
19635	21755	21711
19635	21755	19714
19635	21755	21729
11306	16348	10935
11306	16348	8589
11306	16348	2523
11306	16348	16344
11306	16348	11316
11306	16348	16331
11306	16348	2542
11306	16348	16322
11306	16348	16351
11306	16348	16366
11306	16348	14684
11306	16348	16364
11306	16348	16307
11306	16348	16319
