12540	12615	12604
12540	12615	12610
12540	12615	12602
12540	12615	12579
12540	12615	12613
12540	12615	12608
12540	12615	12592
12540	12615	12564
12540	12615	12560
12540	12615	12612
12540	12615	12569
12540	12615	12566
6309	6605	6519
6309	6605	6653
6309	6605	6548
6309	6605	6573
6309	6605	6463
2257	2267	2322
18708	23569	18712
18708	23569	23583
5983	7995	8040
5983	7995	5980
5983	7995	8889
5983	7995	5999
5983	7995	8893
5983	7995	8887
5983	7995	8888
5983	7995	8892
5983	7995	8906
5983	7995	8897
5983	7995	8901
5983	7995	8904
19635	21755	19654
19635	21755	21711
19635	21755	19714
19635	21755	21729
14068	8760	14118
14068	8760	14138
14068	8760	14111
14068	8760	14158
14068	8760	14130
14068	8760	14136
14068	8760	14133
14068	8760	14146
2141	21864	12465
2141	21864	2100
30	2432	8558
1045	25630	1066
1045	25630	25642
1045	25630	25602
1045	25630	1202
1045	25630	25596
1045	25630	25606
1045	25630	25592
1045	25630	25633
3411	3451	3770
3411	3451	3626
3411	3451	3423
3411	3451	3546
3411	3451	3812
3411	3451	3769
3411	3451	3460
3411	3451	3887
3411	3451	3613
3411	3451	3639
4254	4899	917
4254	4899	2459
4254	4899	4319
4254	4899	6309
4254	4899	11633
4254	4899	11644
4254	4899	6862
4254	4899	9199
4254	4899	11639
4254	4899	11682
4254	4899	11655
4254	4899	9313
4254	4899	11681
4254	4899	11662
4254	4899	11641
4254	4899	6409
1544	1530	1533
1544	1530	1539
1544	1530	1528
1544	1530	6076
1544	1530	1553
1544	1530	1546
1544	1530	6051
1544	1530	1566
1544	1530	6065
1544	1530	1561
1544	1530	6062
1544	1530	6069
1544	1530	6036
1544	1530	6075
1544	1530	6061
1544	1530	6074
1544	1530	6068
1544	1530	6064
1544	1530	6044
1544	1530	6054
546	4847	562
546	4847	4864
546	4847	4883
546	4847	4884
546	4847	4852
546	4847	4896
546	4847	4880
25182	25267	25244
25182	25267	25280
25182	25267	25255
823	931	2432
823	931	8558
823	931	936
823	931	539
823	931	924
823	931	840
823	931	963
823	931	848
823	931	886
823	931	903
823	931	911
823	931	859
823	931	889
823	931	695
823	931	836
823	931	863
21489	21543	21512
21489	21543	21602
21489	21543	21498
21489	21543	21497
21489	21543	21516
21489	21543	21530
21489	21543	21540
21489	21543	21587
18514	18525	18591
18514	18525	8670
18514	18525	18582
18514	18525	18545
18514	18525	18527
18514	18525	18577
18514	18525	18590
18514	18525	18580
18514	18525	18563
18514	18525	18588
18514	18525	18533
18514	18525	18520
18514	18525	18557
18514	18525	18546
9182	9776	10298
9182	9776	2475
9182	9776	6359
9182	9776	1981
9182	9776	9753
9182	9776	9783
9182	9776	6795
9182	9776	9289
9182	9776	3155
9182	9776	9774
9182	9776	9752
4040	4052	4110
4040	4052	4180
4040	4052	4157
4040	4052	4139
4040	4052	4133
4040	4052	4208
4040	4052	4131
4040	4052	4096
4040	4052	4178
4040	4052	4045
4040	4052	4204
4040	4052	4126
3338	20445	20313
3338	20445	20516
14659	21373	21362
14659	21373	21356
14659	21373	21339
14659	21373	21341
14659	21373	21349
14659	21373	21342
1530	6895	6049
1530	6895	28077
1530	6895	28076
1530	6895	28080
1530	6895	28055
1530	6895	28078
1530	6895	1531
1530	6895	1534
19821	19866	19919
19821	19866	19912
19821	19866	19828
19821	19866	19888
19821	19866	19923
19821	19866	19893
19821	19866	19896
19821	19866	19903
19821	19866	9710
19821	19866	19902
11306	16348	10935
11306	16348	8589
11306	16348	2523
11306	16348	16344
11306	16348	11316
11306	16348	16331
11306	16348	2542
11306	16348	16322
11306	16348	16351
11306	16348	16366
11306	16348	14684
11306	16348	16364
11306	16348	16307
11306	16348	16319
10316	10298	4871
10316	10298	4872
10316	10298	11759
10316	10298	24271
10316	10298	24281
10316	10298	24272
10316	10298	11811
10316	10298	11691
10316	10298	24278
10316	10298	11725
10316	10298	24287
10316	10298	4886
10316	10298	24274
10316	10298	24269
10316	10298	11680
10316	10298	11626
10316	10298	24276
10316	10298	24280
10316	10298	2065
10316	10298	11760
21904	26516	26457
21904	26516	26539
21904	26516	26513
21904	26516	26493
21904	26516	26499
21904	26516	26507
21904	26516	26545
21904	26516	26481
21904	26516	26506
21904	26516	26488
21904	26516	21935
21904	26516	26468
21904	26516	26462
21904	26516	26496
21904	26516	26544
21904	26516	26497
21904	26516	21865
21904	26516	26491
21904	26516	26509
21904	26516	12506
7905	7920	7936
7905	7920	7959
7905	7920	7968
7905	7920	7922
7905	7920	7910
7905	7920	7927
7905	7920	7941
7905	7920	4456
7905	7920	7952
7905	7920	7914
4908	4943	4909
4908	4943	4961
4908	4943	4995
4908	4943	16767
4908	4943	4941
4908	4943	16771
4908	4943	16736
4908	4943	16750
4908	4943	16770
4908	4943	16760
4908	4943	16773
4908	4943	16784
4908	4943	16759
4908	4943	4922
4908	4943	4957
4908	4943	16728
4908	4943	16763
4908	4943	16751
4908	4943	4921
1924	26121	917
1924	26121	2459
1924	26121	26255
1924	26121	26193
1924	26121	26167
1924	26121	2451
1924	26121	26278
1924	26121	26111
1924	26121	26261
1924	26121	2485
1924	26121	6086
1924	26121	5595
1924	26121	4319
18741	18774	18947
18741	18774	18862
18741	18774	18840
18741	18774	18887
18741	18774	18872
18741	18774	18766
18741	18774	18767
18741	18774	18873
18741	18774	18782
18741	18774	18889
18741	18774	18777
18741	18774	4460
18741	18774	18878
19966	20950	21005
19966	20950	20960
19966	20950	20994
19966	20950	20987
19966	20950	20962
19966	20950	20974
19966	20950	21026
19966	20950	21027
19966	20950	21015
19966	20950	21022
7754	19794	9426
7754	19794	19789
7754	19794	19807
7754	19794	19753
7754	19794	19772
7754	19794	19803
7754	19794	19754
7754	19794	19813
7754	19794	19812
7754	19794	19760
7754	19794	19783
4909	936	4937
4909	936	22111
4909	936	22253
4909	936	22329
4909	936	22162
4909	936	22119
4909	936	11270
4909	936	22266
4909	936	4906
14168	14277	14289
14168	14277	14299
14168	14277	14294
14168	14277	14171
14168	14277	14210
14168	14277	14295
14168	14277	14285
14168	14277	14303
14168	14277	14181
14168	14277	14291
14168	14277	14260
14168	14277	14302
14168	14277	14249
15045	7726	15163
15045	7726	15106
15045	7726	15057
15045	7726	15123
15045	7726	15055
15045	7726	15092
15045	7726	15155
15045	7726	15103
15045	7726	15102
15045	7726	15068
15045	7726	15158
15045	7726	15046
15045	7726	15076
7769	9498	9452
7769	9498	9411
7769	9498	9463
7769	9498	7747
7769	9498	7708
7769	9498	9476
7769	9498	9401
7769	9498	7715
7769	9498	9446
7769	9498	9441
7769	9498	9426
7769	9498	7775
2598	11949	2596
2598	11949	11883
2598	11949	11946
2598	11949	11894
2598	11949	11900
2598	11949	2611
2598	11949	11966
2598	11949	11908
2598	11949	11955
18704	23797	23774
18704	23797	23783
18704	23797	23779
18704	23797	23791
18704	23797	23771
18704	23797	23770
18704	23797	23793
18704	23797	23788
18704	23797	23768
18704	23797	23775
18704	23797	18705
18704	23797	23769
18704	23797	18707
18704	23797	23777
18704	23797	23789
4708	21701	21678
4708	21701	21647
4708	21701	21665
4708	21701	21652
4708	21701	21642
4708	21701	21662
9191	2817	21186
9191	2817	15248
9191	2817	21156
9191	2817	88
9191	2817	21182
9191	2817	21142
9191	2817	21144
9191	2817	21160
9191	2817	19532
9191	2817	21167
9191	2817	21151
9191	2817	21188
9191	2817	21139
2882	2890	3021
2882	2890	2945
2882	2890	2902
2882	2890	2888
2882	2890	3029
2882	2890	2985
2882	2890	3022
2882	2890	2916
2882	2890	2950
2882	2890	2897
2882	2890	3012
2882	2890	2925
2882	2890	3025
2882	2890	2994
2882	2890	3000
2882	2890	3009
2882	2890	3020
2882	2890	3010
2882	2890	3015
2882	2890	2971
15914	8786	15949
15914	8786	15922
15914	8786	15962
15914	8786	15989
15914	8786	15937
15914	8786	15979
15914	8786	15972
5824	4254	992
5824	4254	4253
5824	4254	9182
8717	8668	7089
8717	8668	3338
2797	2791	2801
2797	2791	27433
2797	2791	27444
2797	2791	27453
2797	2791	22223
2797	2791	27425
2797	2791	2790
2797	2791	27423
2797	2791	27435
2797	2791	6325
2797	2791	22224
2797	2791	27440
2797	2791	16768
7912	4485	7905
7912	4485	18947
9615	22458	22593
9615	22458	22591
9615	22458	22571
9615	22458	22558
9615	22458	22584
9615	22458	22550
9615	22458	22574
9615	22458	22487
9615	22458	22599
9615	22458	22596
9615	22458	22525
9615	22458	22598
9615	22458	22495
9615	22458	22496
9615	22458	22539
9615	22458	22527
9615	22458	22543
9615	22458	22552
493	26606	257
493	26606	2015
493	26606	29
493	26606	2013
493	26606	26615
493	26606	518
493	26606	26657
5009	5049	5136
5009	5049	5029
5009	5049	5126
5009	5049	5019
5009	5049	5016
5009	5049	5151
10102	10294	10204
10102	10294	10200
10102	10294	10194
10102	10294	10215
10102	10294	10219
10102	10294	10114
10102	10294	10209
10102	10294	10134
10102	10294	10233
10102	10294	10140
10102	10294	10168
10102	10294	10156
10102	10294	10132
10102	10294	10186
10102	10294	10179
10102	10294	10289
10102	10294	10221
10102	10294	10203
10102	10294	10177
10102	10294	10185
795	813	822
795	813	807
795	813	797
795	813	800
795	813	821
795	813	799
795	813	808
795	813	806
6799	22438	822
6799	22438	22439
6799	22438	2456
6799	22438	17354
6799	22438	1017
6799	22438	22443
6799	22438	9396
6799	22438	17342
6799	22438	22445
6799	22438	22432
6799	22438	22431
6799	22438	22423
6799	22438	1011
6799	22438	22444
10324	27128	4899
10324	27128	27102
10324	27128	1925
10324	27128	27091
10324	27128	4871
10324	27128	27118
10324	27128	6866
10324	27128	27111
10324	27128	19552
10324	27128	27103
17141	17256	5565
17141	17256	17143
17141	17256	17279
17141	17256	17261
17141	17256	17147
17141	17256	17283
17141	17256	17312
17141	17256	17217
17141	17256	17200
17141	17256	17154
17141	17256	17182
17141	17256	17333
17141	17256	17255
17141	17256	17228
17141	17256	17298
17141	17256	17158
17141	17256	17274
17141	17256	17259
17141	17256	17184
17141	17256	17193
4216	4245	4236
4216	4245	4217
4216	4245	4221
4216	4245	4225
4216	4245	4234
4216	4245	4235
4216	4245	4243
4216	4245	4244
4216	4245	4241
4216	4245	4240
4216	4245	4237
4216	4245	4222
4216	4245	4246
4216	4245	4229
4216	4245	4220
4216	4245	4227
20812	20834	20817
20812	20834	20814
20812	20834	20833
10298	10442	10345
10298	10442	10366
10298	10442	10429
10298	10442	10379
10298	10442	10359
10298	10442	10351
10298	10442	10417
10298	10442	10490
10298	10442	10327
10298	10442	10398
10298	10442	10371
10298	10442	10466
10298	10442	10496
10298	10442	10313
10298	10442	10489
10298	10442	10389
10298	10442	10431
10298	10442	10488
2428	19532	3253
2428	19532	2424
2428	19532	5833
2428	19532	2433
2428	19532	17541
2428	19532	2475
2428	19532	822
2428	19532	13569
2428	19532	9273
2428	19532	19568
2428	19532	19542
2428	19532	6475
2428	19532	6728
2428	19532	10523
2428	19532	19567
2428	19532	19538
2428	19532	19580
2428	19532	19544
4323	4252	4847
1041	10623	10605
1041	10623	10594
1041	10623	10657
1041	10623	10680
1041	10623	10601
1041	10623	10621
1041	10623	10664
1041	10623	10652
1041	10623	10635
1041	10623	1066
1041	10623	10665
1041	10623	10655
21759	21764	21772
21759	21764	15110
21759	21764	21781
21759	21764	21784
21759	21764	21774
21759	21764	21768
21759	21764	21761
21759	21764	7726
21759	21764	21765
21759	21764	7768
21759	21764	9406
21759	21764	21779
21759	21764	21763
21759	21764	21762
4485	14488	18947
4485	14488	4456
4485	14488	18954
4485	14488	18942
4485	14488	18955
4485	14488	18919
4485	14488	18937
4485	14488	18974
4485	14488	18940
4485	14488	18943
4485	14488	18962
4485	14488	4489
4485	14488	18968
4485	14488	18936
4485	14488	18963
4485	14488	18939
4485	14488	18932
4485	14488	14564
4585	4586	4605
4585	4586	16183
4585	4586	16129
4585	4586	7905
4585	4586	16093
4585	4586	16128
4585	4586	16171
4585	4586	16112
4585	4586	16095
4585	4586	16179
4585	4586	4624
4585	4586	16211
4585	4586	16131
4585	4586	16089
4585	4586	16116
4585	4586	16196
4585	4586	16206
2530	2428	4254
2449	2428	29
2449	2428	3272
2449	2428	3225
2449	2428	3164
2449	2428	3093
2449	2428	3288
2449	2428	3238
2449	2428	3105
2449	2428	3036
2449	2428	3050
2449	2428	3040
2449	2428	3112
2449	2428	3158
2449	2428	3037
2449	2428	3220
2449	2428	3256
4796	25504	25519
8739	9515	24746
8739	9515	24739
8739	9515	24756
8739	9515	24758
8739	9515	24737
8739	9515	24781
8739	9515	24776
8739	9515	24757
8739	9515	24764
8739	9515	24734
8739	9515	24745
8739	9515	24748
7725	17397	7705
7725	17397	7760
7725	17397	7726
7725	17397	17409
7725	17397	17399
7725	17397	17422
7725	17397	17407
7725	17397	17418
7725	17397	17396
7725	17397	17402
10049	11875	21864
10049	11875	11819
10049	11875	10048
10049	11875	11870
10049	11875	11817
10049	11875	11879
10049	11875	2111
10049	11875	2136
10049	11875	11814
10049	11875	10071
10049	11875	11866
10049	11875	11860
10049	11875	11842
10049	11875	11832
10049	11875	11830
10049	11875	11855
10049	11875	11877
10049	11875	11865
10049	11875	11868
10049	11875	11867
8324	8387	8368
8324	8387	8404
8324	8387	8359
698	712	761
698	712	780
698	712	793
698	712	779
698	712	778
698	712	730
698	712	735
698	712	759
698	712	745
698	712	783
698	712	707
698	712	713
698	712	736
698	712	724
698	712	753
698	712	792
698	712	770
25160	2305	2362
25160	2305	25165
25160	2305	25176
25160	2305	2285
25160	2305	25167
25160	2305	25179
25160	2305	25173
25160	2305	2338
25160	2305	25162
25160	2305	25171
25160	2305	25169
25160	2305	25181
25160	2305	25177
25160	2305	25170
25160	2305	25178
27132	27170	27247
27132	27170	27157
27132	27170	27219
27132	27170	27187
27132	27170	27272
27132	27170	27212
27132	27170	27197
27132	27170	27228
6793	19965	917
6793	19965	2475
6793	19965	823
6793	19965	19935
6793	19965	19976
6793	19965	19952
6793	19965	19975
6793	19965	16269
6793	19965	19948
6793	19965	19951
6793	19965	6699
6793	19965	19980
11566	14068	11554
11566	14068	28714
6888	18207	18319
6888	18207	18244
6888	18207	18224
6888	18207	18203
6888	18207	6886
6888	18207	18262
6888	18207	18301
6888	18207	18310
6888	18207	18293
6888	18207	6897
6888	18207	6890
6888	18207	6908
6888	18207	18303
6888	18207	18223
6888	18207	18316
6888	18207	18328
6888	18207	18318
6888	18207	18324
6888	18207	18315
6888	18207	18236
7089	3307	8695
7089	3307	8753
7089	3307	8693
7089	3307	8679
7089	3307	8716
7089	3307	8686
7089	3307	3383
7089	3307	8870
7089	3307	8807
7089	3307	8878
7089	3307	8762
7089	3307	8792
7089	3307	8859
7089	3307	8769
7089	3307	8799
7089	3307	8848
7089	3307	8868
7089	3307	3329
7089	3307	8713
7089	3307	8691
8263	9950	9952
8263	9950	10001
8263	9950	9999
8263	9950	9947
8263	9950	9957
8263	9950	9992
8263	9950	10023
8263	9950	9955
8263	9950	9979
8263	9950	10014
8263	9950	10009
8263	9950	9962
8263	9950	10000
8263	9950	9980
8263	9950	9941
8263	9950	10020
8263	9950	9881
2350	20021	20017
2350	20021	20059
2350	20021	20107
2350	20021	2360
2350	20021	20081
2350	20021	2369
2350	20021	20022
2350	20021	20027
2350	20021	20023
2350	20021	20100
2350	20021	20069
2350	20021	20026
2350	20021	20066
2350	20021	20046
2350	20021	2370
2350	20021	20101
2350	20021	20080
6000	14476	7972
