2463	2424	917
2463	2424	1011
2463	2424	6862
27132	27170	27247
27132	27170	27157
27132	27170	27219
27132	27170	27187
27132	27170	27272
27132	27170	27212
27132	27170	27197
27132	27170	27228
2610	12921	2596
2610	12921	2611
2610	12921	12912
2610	12921	12914
2610	12921	12908
2610	12921	12923
2610	12921	12915
2610	12921	12918
5983	7995	8040
5983	7995	5980
5983	7995	8889
5983	7995	5999
5983	7995	8893
5983	7995	8887
5983	7995	8888
5983	7995	8892
5983	7995	8906
5983	7995	8897
5983	7995	8901
5983	7995	8904
2262	5355	5320
2262	5355	5317
2262	5355	5280
2262	5355	5336
2262	5355	5362
2262	5355	5345
2262	5355	5303
2262	5355	5338
4485	14488	18947
4485	14488	4456
4485	14488	18954
4485	14488	18942
4485	14488	18955
4485	14488	18919
4485	14488	18937
4485	14488	18974
4485	14488	18940
4485	14488	18943
4485	14488	18962
4485	14488	4489
4485	14488	18968
4485	14488	18936
4485	14488	18963
4485	14488	18939
4485	14488	18932
4485	14488	14564
1530	6895	6049
1530	6895	28077
1530	6895	28076
1530	6895	28080
1530	6895	28055
1530	6895	28078
1530	6895	1531
1530	6895	1534
1041	10623	10605
1041	10623	10594
1041	10623	10657
1041	10623	10680
1041	10623	10601
1041	10623	10621
1041	10623	10664
1041	10623	10652
1041	10623	10635
1041	10623	1066
1041	10623	10665
1041	10623	10655
4253	88	4698
4253	88	2429
4253	88	1017
4253	88	16309
4253	88	5829
4253	88	24002
4253	88	23941
4253	88	23970
4253	88	23930
4253	88	23944
4253	88	24039
4253	88	6970
4253	88	23940
4253	88	23956
4253	88	24035
4253	88	925
4253	88	24034
4253	88	23968
4253	88	23980
4253	88	24027
862	4254	4253
862	4254	6793
862	4254	9182
12651	12618	28714
10601	4110	1066
10601	4110	16660
10601	4110	16711
10601	4110	16708
10601	4110	16666
10601	4110	10588
10601	4110	16684
10601	4110	16674
10601	4110	16667
10601	4110	16643
10601	4110	16701
10601	4110	4079
10601	4110	10586
10601	4110	16699
10601	4110	16702
4847	27379	27372
4847	27379	27404
4847	27379	27405
4847	27379	27403
4847	27379	27397
4847	27379	27400
4847	27379	27374
5388	5392	5565
5388	5392	5422
5388	5392	5545
5388	5392	5423
5388	5392	5455
5388	5392	5556
9595	17533	17506
9595	17533	17526
9595	17533	17529
9595	17533	17528
9595	17533	17530
9595	17533	17479
4216	4245	4236
4216	4245	4217
4216	4245	4221
4216	4245	4225
4216	4245	4234
4216	4245	4235
4216	4245	4243
4216	4245	4244
4216	4245	4241
4216	4245	4240
4216	4245	4237
4216	4245	4222
4216	4245	4246
4216	4245	4229
4216	4245	4220
4216	4245	4227
10049	11875	21864
10049	11875	11819
10049	11875	10048
10049	11875	11870
10049	11875	11817
10049	11875	11879
10049	11875	2111
10049	11875	2136
10049	11875	11814
10049	11875	10071
10049	11875	11866
10049	11875	11860
10049	11875	11842
10049	11875	11832
10049	11875	11830
10049	11875	11855
10049	11875	11877
10049	11875	11865
10049	11875	11868
10049	11875	11867
29	10506	602
29	10506	547
29	10506	4252
29	10506	1973
29	10506	1991
29	10506	10540
29	10506	603
29	10506	10557
29	10506	1977
29	10506	10511
29	10506	2071
11300	14723	14678
11300	14723	14677
11300	14723	8127
11300	14723	11303
11300	14723	14688
11300	14723	11316
11300	14723	14734
3305	3331	3325
3305	3331	3332
3305	3331	3306
3305	3331	3313
3305	3331	3408
3305	3331	3323
3305	3331	3353
3305	3331	3405
3305	3331	3397
3305	3331	3328
3305	3331	3393
3305	3331	3352
3305	3331	3371
3305	3331	3388
3305	3331	3379
3305	3331	3311
3305	3331	3401
3305	3331	3386
8739	9515	24746
8739	9515	24739
8739	9515	24756
8739	9515	24758
8739	9515	24737
8739	9515	24781
8739	9515	24776
8739	9515	24757
8739	9515	24764
8739	9515	24734
8739	9515	24745
8739	9515	24748
21489	21543	21512
21489	21543	21602
21489	21543	21498
21489	21543	21497
21489	21543	21516
21489	21543	21530
21489	21543	21540
21489	21543	21587
2797	2791	2801
2797	2791	27433
2797	2791	27444
2797	2791	27453
2797	2791	22223
2797	2791	27425
2797	2791	2790
2797	2791	27423
2797	2791	27435
2797	2791	6325
2797	2791	22224
2797	2791	27440
2797	2791	16768
3411	3451	3770
3411	3451	3626
3411	3451	3423
3411	3451	3546
3411	3451	3812
3411	3451	3769
3411	3451	3460
3411	3451	3887
3411	3451	3613
3411	3451	3639
8926	8938	8115
8926	8938	8952
8926	8938	9052
8926	8938	8993
8926	8938	8979
8926	8938	8992
8926	8938	9044
8926	8938	8975
8926	8938	9089
8926	8938	9051
8926	8938	8144
2350	20021	20017
2350	20021	20059
2350	20021	20107
2350	20021	2360
2350	20021	20081
2350	20021	2369
2350	20021	20022
2350	20021	20027
2350	20021	20023
2350	20021	20100
2350	20021	20069
2350	20021	20026
2350	20021	20066
2350	20021	20046
2350	20021	2370
2350	20021	20101
2350	20021	20080
795	813	822
795	813	807
795	813	797
795	813	800
795	813	821
795	813	799
795	813	808
795	813	806
9515	9529	9553
9515	9529	9538
9515	9529	9534
9515	9529	9535
11306	16348	10935
11306	16348	8589
11306	16348	2523
11306	16348	16344
11306	16348	11316
11306	16348	16331
11306	16348	2542
11306	16348	16322
11306	16348	16351
11306	16348	16366
11306	16348	14684
11306	16348	16364
11306	16348	16307
11306	16348	16319
7705	7783	7797
7705	7783	7775
7705	7783	7760
7705	7783	7795
7705	7783	7756
7705	7783	7761
7705	7783	7711
7705	7783	7738
7705	7783	7801
7705	7783	7807
7705	7783	7804
7705	7783	7750
15914	8786	15949
15914	8786	15922
15914	8786	15962
15914	8786	15989
15914	8786	15937
15914	8786	15979
15914	8786	15972
19966	20950	21005
19966	20950	20960
19966	20950	20994
19966	20950	20987
19966	20950	20962
19966	20950	20974
19966	20950	21026
19966	20950	21027
19966	20950	21015
19966	20950	21022
546	4847	562
546	4847	4864
546	4847	4883
546	4847	4884
546	4847	4852
546	4847	4896
546	4847	4880
2882	2890	3021
2882	2890	2945
2882	2890	2902
2882	2890	2888
2882	2890	3029
2882	2890	2985
2882	2890	3022
2882	2890	2916
2882	2890	2950
2882	2890	2897
2882	2890	3012
2882	2890	2925
2882	2890	3025
2882	2890	2994
2882	2890	3000
2882	2890	3009
2882	2890	3020
2882	2890	3010
2882	2890	3015
2882	2890	2971
13111	13162	13146
13111	13162	13163
13111	13162	13187
13111	13162	13159
13111	13162	13143
13111	13162	13138
13111	13162	13118
13111	13162	13124
13111	13162	13136
13111	13162	13176
13111	13162	5895
13111	13162	13186
13111	13162	13194
8263	9950	9952
8263	9950	10001
8263	9950	9999
8263	9950	9947
8263	9950	9957
8263	9950	9992
8263	9950	10023
8263	9950	9955
8263	9950	9979
8263	9950	10014
8263	9950	10009
8263	9950	9962
8263	9950	10000
8263	9950	9980
8263	9950	9941
8263	9950	10020
8263	9950	9881
6928	6918	6912
493	26606	257
493	26606	2015
493	26606	29
493	26606	2013
493	26606	26615
493	26606	518
493	26606	26657
8678	14066	13988
8678	14066	14060
8678	14066	8701
8678	14066	13953
8678	14066	13986
8678	14066	14029
8678	14066	13976
8678	14066	7160
8678	14066	8759
8678	14066	14036
8678	14066	13961
8678	14066	8828
8678	14066	13964
8678	14066	8702
8678	14066	14013
8678	14066	14010
8678	14066	14015
8678	14066	14009
8678	14066	14052
8678	14066	14012
7946	18019	7905
7946	18019	18006
7946	18019	17772
7946	18019	17853
7946	18019	17988
7946	18019	17901
4254	4899	917
4254	4899	2459
4254	4899	4319
4254	4899	6309
4254	4899	11633
4254	4899	11644
4254	4899	6862
4254	4899	9199
4254	4899	11639
4254	4899	11682
4254	4899	11655
4254	4899	9313
4254	4899	11681
4254	4899	11662
4254	4899	11641
4254	4899	6409
2257	2267	2322
6895	28177	6886
6895	28177	936
6895	28177	28185
6895	28177	28204
6895	28177	28152
6895	28177	28176
6895	28177	10758
6895	28177	28049
6895	28177	28054
6895	28177	28150
6895	28177	28184
6895	28177	28197
6895	28177	28158
6895	28177	28151
6895	28177	10789
6895	28177	28216
9182	9776	10298
9182	9776	2475
9182	9776	6359
9182	9776	1981
9182	9776	9753
9182	9776	9783
9182	9776	6795
9182	9776	9289
9182	9776	3155
9182	9776	9774
9182	9776	9752
1045	25630	1066
1045	25630	25642
1045	25630	25602
1045	25630	1202
1045	25630	25596
1045	25630	25606
1045	25630	25592
1045	25630	25633
7754	19794	9426
7754	19794	19789
7754	19794	19807
7754	19794	19753
7754	19794	19772
7754	19794	19803
7754	19794	19754
7754	19794	19813
7754	19794	19812
7754	19794	19760
7754	19794	19783
4695	4789	4698
4695	4789	4728
4695	4789	4768
4695	4789	4737
4695	4789	4771
4695	4789	4739
4695	4789	4748
4695	4789	4709
4695	4789	4756
4695	4789	4791
4695	4789	4772
4695	4789	4831
8232	8238	8268
8232	8238	8255
8232	8238	8295
8232	8238	8290
8232	8238	8307
8232	8238	8261
8232	8238	8254
8232	8238	8277
8232	8238	8300
8232	8238	8246
8232	8238	8287
8232	8238	8303
8232	8238	8284
8232	8238	8316
8232	8238	8269
8232	8238	8242
8232	8238	7266
8232	8238	8308
8232	8238	8249
5009	5049	5136
5009	5049	5029
5009	5049	5126
5009	5049	5019
5009	5049	5016
5009	5049	5151
8668	3307	7089
8668	3307	3361
8668	3307	18505
8668	3307	18444
8668	3307	18509
8668	3307	18436
8668	3307	18448
8668	3307	18501
8668	3307	8724
8668	3307	18474
8668	3307	18481
8668	3307	18496
8668	3307	18429
8668	3307	18407
8668	3307	3309
8668	3307	18494
8668	3307	18513
8668	3307	18446
8668	3307	18471
8668	3307	18469
10324	27128	4899
10324	27128	27102
10324	27128	1925
10324	27128	27091
10324	27128	4871
10324	27128	27118
10324	27128	6866
10324	27128	27111
10324	27128	19552
10324	27128	27103
9181	4254	9182
6309	6605	6519
6309	6605	6653
6309	6605	6548
6309	6605	6573
6309	6605	6463
12540	12615	12604
12540	12615	12610
12540	12615	12602
12540	12615	12579
12540	12615	12613
12540	12615	12608
12540	12615	12592
12540	12615	12564
12540	12615	12560
12540	12615	12612
12540	12615	12569
12540	12615	12566
6000	14476	7972
7912	4485	7905
7912	4485	18947
10102	10294	10204
10102	10294	10200
10102	10294	10194
10102	10294	10215
10102	10294	10219
10102	10294	10114
10102	10294	10209
10102	10294	10134
10102	10294	10233
10102	10294	10140
10102	10294	10168
10102	10294	10156
10102	10294	10132
10102	10294	10186
10102	10294	10179
10102	10294	10289
10102	10294	10221
10102	10294	10203
10102	10294	10177
10102	10294	10185
11265	23637	23715
11265	23637	23676
11265	23637	23692
11265	23637	23744
11265	23637	23647
11265	23637	23707
11265	23637	23761
11265	23637	23705
11265	23637	23750
11265	23637	23671
11265	23637	23732
11265	23637	23632
11265	23637	23741
11265	23637	23696
11265	23637	23638
11265	23637	23620
11265	23637	23708
11265	23637	23766
11265	23637	23635
11265	23637	23641
14770	14814	14870
14770	14814	14861
14770	14814	14863
14770	14814	14906
14770	14814	14849
14770	14814	14816
14770	14814	14961
14770	14814	14946
14770	14814	14939
14770	14814	14953
14770	14814	14848
14770	14814	14964
14770	14814	14842
14770	14814	14817
14770	14814	14918
14770	14814	14940
14770	14814	14771
14770	14814	14871
14770	14814	14900
14770	14814	14810
10318	10543	28809
10318	10543	28789
10318	10543	28808
10318	10543	28862
2530	2428	4254
5824	4254	992
5824	4254	4253
5824	4254	9182
15045	7726	15163
15045	7726	15106
15045	7726	15057
15045	7726	15123
15045	7726	15055
15045	7726	15092
15045	7726	15155
15045	7726	15103
15045	7726	15102
15045	7726	15068
15045	7726	15158
15045	7726	15046
15045	7726	15076
8717	8668	7089
8717	8668	3338
4917	9191	13590
4917	9191	4902
4917	9191	4965
4917	9191	4948
4917	9191	5829
4917	9191	14979
4917	9191	2818
4917	9191	14989
4917	9191	14970
4917	9191	14965
4917	9191	15020
4917	9191	15038
4917	9191	10318
4917	9191	14981
4917	9191	15017
4917	9191	2799
4917	9191	15025
4917	9191	15031
4917	9191	15007
17141	17256	5565
17141	17256	17143
17141	17256	17279
17141	17256	17261
17141	17256	17147
17141	17256	17283
17141	17256	17312
17141	17256	17217
17141	17256	17200
17141	17256	17154
17141	17256	17182
17141	17256	17333
17141	17256	17255
17141	17256	17228
17141	17256	17298
17141	17256	17158
17141	17256	17274
17141	17256	17259
17141	17256	17184
17141	17256	17193
20247	22371	26755
20247	22371	26733
20247	22371	13335
7905	7920	7936
7905	7920	7959
7905	7920	7968
7905	7920	7922
7905	7920	7910
7905	7920	7927
7905	7920	7941
7905	7920	4456
7905	7920	7952
7905	7920	7914
4249	5980	6017
4249	5980	5976
4249	5980	4247
4249	5980	6000
4249	5980	5987
4249	5980	6026
4249	5980	6031
4249	5980	5994
4249	5980	6003
4249	5980	6013
4249	5980	6027
2482	2424	2432
14476	6009	14549
14476	6009	14571
14476	6009	14498
14476	6009	14562
14476	6009	14478
14476	6009	5980
14476	6009	14523
14476	6009	14580
14476	6009	14535
14476	6009	14514
6888	18207	18319
6888	18207	18244
6888	18207	18224
6888	18207	18203
6888	18207	6886
6888	18207	18262
6888	18207	18301
6888	18207	18310
6888	18207	18293
6888	18207	6897
6888	18207	6890
6888	18207	6908
6888	18207	18303
6888	18207	18223
6888	18207	18316
6888	18207	18328
6888	18207	18318
6888	18207	18324
6888	18207	18315
6888	18207	18236
19122	19211	19184
19122	19211	19181
19122	19211	19156
19122	19211	19191
19122	19211	19189
19122	19211	19147
19122	19211	19146
19122	19211	19204
19122	19211	19215
19122	19211	19177
19122	19211	19130
19122	19211	19185
19122	19211	19128
19122	19211	19187
7939	18334	18358
7939	18334	7945
7939	18334	18371
7939	18334	7928
7939	18334	7959
7939	18334	18389
7939	18334	18399
7939	18334	18366
7939	18334	18390
7939	18334	18369
7939	18334	18373
18703	4997	18727
18703	4997	6145
18703	4997	11264
18703	4997	18740
18703	4997	18715
18703	4997	18737
18703	4997	18721
18703	4997	18723
18703	4997	18739
18703	4997	18717
18703	4997	18738
18703	4997	18719
18703	4997	18711
18703	4997	18730
18703	4997	6805
18703	4997	18732
18703	4997	18736
19022	19065	19057
19022	19065	19048
19022	19065	19086
19022	19065	19097
19022	19065	19095
19022	19065	19047
19022	19065	19121
19022	19065	19119
19022	19065	19070
19022	19065	19024
19022	19065	19115
2428	19532	3253
2428	19532	2424
2428	19532	5833
2428	19532	2433
2428	19532	17541
2428	19532	2475
2428	19532	822
2428	19532	13569
2428	19532	9273
2428	19532	19568
2428	19532	19542
2428	19532	6475
2428	19532	6728
2428	19532	10523
2428	19532	19567
2428	19532	19538
2428	19532	19580
2428	19532	19544
11566	14068	11554
11566	14068	28714
18704	23797	23774
18704	23797	23783
18704	23797	23779
18704	23797	23791
18704	23797	23771
18704	23797	23770
18704	23797	23793
18704	23797	23788
18704	23797	23768
18704	23797	23775
18704	23797	18705
18704	23797	23769
18704	23797	18707
18704	23797	23777
18704	23797	23789
4909	936	4937
4909	936	22111
4909	936	22253
4909	936	22329
4909	936	22162
4909	936	22119
4909	936	11270
4909	936	22266
4909	936	4906
25182	25267	25244
25182	25267	25280
25182	25267	25255
10298	10442	10345
10298	10442	10366
10298	10442	10429
10298	10442	10379
10298	10442	10359
10298	10442	10351
10298	10442	10417
10298	10442	10490
10298	10442	10327
10298	10442	10398
10298	10442	10371
10298	10442	10466
10298	10442	10496
10298	10442	10313
10298	10442	10489
10298	10442	10389
10298	10442	10431
10298	10442	10488
