1029	995	484	1084	1171	1768
2054	2199	2280	2072
7	168	129	339
525	438	545	515	456	567	395	439	419
1549	428	1338	1109	1408	1387	1297	641	1625	1294	107
2062	2224	2125	2283	2652	2096	2242
3604	3527	3518	3635	3542	3902	3578	3437	3860	3731	3845	3555	3605	3576
1559	1389	1135
1561	1369	107
25	236	3	113	119	169	40	72	232	69	0
3611	3604	3518	3542	3902	3930	3578	3488	3437	3731	3845	3573	3838
1563	1149	1799	1485	1124	1107	1621
1565	1113	1763	1844
1054	1724	1128	1861	1344	1819	1529	1827	1761
1567	1421	1687	1511	1698	1518	908
1056	1280	1160	1029
1573	1432	1373	1479
2598	2062	2642	2458	2399	1465
1574	484	1408	1778	1385	1114	1744	1549	1357
1577	2224	2598	2062	1029	1074	2351	107	2052
2091	2231	2341	2126
556	652	487	544	395	400
1584	1539	1467	1130	1800	1427
2610	2355	2400	2289	2612	2419	2174
2611	2142	2189
1075	1054	1128	1407	1344
2612	2325	2289
1076	1842	1551	1243	1467	934
1589	980	1867	1330	1198	1520	953
2102	2598	2642	2042
55	203	170
3642	3828	3437	3860	3730	3838	3576
58	107	1912
63	0	271
2114	2231	2412
1603	1589	1230	1222	1242	1195	934	1431
73	25	0
2634	2421	1912
2126	1960	2317
1615	1567	1033	1307	1421	1687	1708	1553	908	107
2642	2232	1577	2351	2419	2557	2153	2322
1620	1570	1074	995	1084	1029	1518	913	1835	1056	1707	1125	1184	1390
1109	1275	1052	428
1625	641	1294	915	107
1114	484	1882
3674	3756	3625	3610	3586	3437
606	963	428
2142	2189	2347
1124	1735	1485	1156	1488	1845	1604	1827
1645	1113	930
3697	3586	3938
628	647	643
2677	3020	1171
119	323	170	208	105	203	269	248	271	171
1656	1726	951	1561	1369	1687
634	587	646
1659	1644	980	1255	1222
3707	3576	3518	3527	3838	3731
1149	1810	1485	1707	1839	1107	1124
641	428	1114	606	400	930	580
2694	3304	3324
1159	1496	1051
647	634	632	577
1161	1911	1337
3724	3483	3437
654	605	592	626
3730	3528	3518	3604	3542	3926	3578	3707	3488
146	119	0	285
3731	3860	3578	3800	3605	3576	3902	3635	3730	3642
1171	1297	1074	1387	995	107
3222	2678	2760	1726
2199	2111	2072
156	85	188	0
3741	3501	3877	3966
158	0	25
1184	1810	1149	1563	1662	1124	1488	1823	1491	1849	1390
1702	1911	1161	1656
171	1297	1486	58	1171	1549
1195	921	1891	1520
1199	1125	997	1491
2224	2598	2458	2028	2543	2052
2231	2497	1912
1720	1764	1148
1724	1075	1278
3772	3847	3610
1725	1469	1667
1213	1725	1259	1469
194	346	266	196
3780	3741	3966	3877
3781	3946	3437
3782	3468	3931	3945	3763
1738	1531	1807	917
203	0	82	40	272	211	170	25	161	331
204	330	213	346	249	194	0	92
1230	1589	1867	1222	1352	953	1431
1744	1114	1778	483	1300	606	1882	641
208	188	332	291	285	0
1238	1772	1420	1330
3800	3488	3586	3730	3542	3611	3604	3943	3527	3635	3512	3448
1242	1644	1867	1659	1589	980
221	0	25
1247	1575	914
224	236	271	291	25	40	232	141	188	276
1761	1599	1135	1559	1529	1026	993	1731
1763	1844	1870	1695
2280	2072	2243	2199
2283	2642	1577	2224	2598
3823	3535	3437
2289	2419	2557	2260	2153	2642	2322	2325
1267	1199	1125	997	1491	980
3828	3707	3604	3574	3966	3756	3448
3832	3528	3730
1272	1589	921	1222	1603	1585	1431
249	24	330	299	194	213	0
2298	2480	2605
252	134	82
2813	3020	2760
1278	1075	1054
1281	1373	1429
258	272	156	295	291
1794	1223	1699	1818	1807
3845	3838	3966	3902	3437	3471
269	81	58	0
1294	915	1425
271	236	25	72	232	113	203	40	188	170	276	272	169	290	82	314
1296	1385	1275	1109	1529
272	213	85	320	346	0	156	25	72
1297	1486	1387
1810	1799	1707	1107	1563	1124	1488
1811	1056	1800
3861	3454	3496
1303	919	1277	1426
3866	3782	3468
288	0	25
2336	2445	2102	2042
2849	3291	3049
290	188	0	25
1826	1380	1083	1665
1314	1118	1548	606	963
3877	3501	3943	3573	3578	3966	3488	3731	3838	3437	3576	3605
1318	606	930
2344	1912	1948	2199
2863	2781	3349
1330	1722	1222	1603	1431
308	213	203	22	0
2870	2934	3009
3386	3321	3344	3345
320	159	346	0
1867	1198	1659	1557	1238	1222	1881	1717
3404	3264	2675
1870	948	1882	1565
2384	2344	1912	2399	2415	2224	1947	1577	2111	2597	2543	2250
1877	1819	1600
1366	1131	1703
1878	1645	930
1881	1222	1356
349	478	508
1374	641	930	107
2399	1912	2344	2052	2283	2347	2111	1947	2250
1377	1885	1076
1894	1751	1128	1595	941	1828	1392
3943	3501	3677	3938
359	530	491	531
1387	1486	171
2412	2587	2341	2455	1912
2925	2864	3195
1902	1026	1160	1823	1835	1456	1839	1056	1280	1791
367	359	490	474	525	422	553	491
2421	2437	2017
1399	1255	1659	1517
3448	3586	3642	3845	3930	3471	3437	3966
378	515	614	414	376	553	456	374	434	483	394	367
3452	3611	3488	3603	3966
1408	1052	1114	1807
388	450	370	483	497
900	1615	908
3460	3881	3786
394	511	515	414	544	512
908	1033	107
1420	1557	1290	1867
1421	1307	908	107
3471	3966	3902	3437
913	1052	1807	1408
402	545	374	451	508	395	475	514	348
1427	1349	1878	1303	1660	1763
1428	949	1189
1941	2026	2567
1429	917	1032
3989	594	3991
1431	953	1717	1589	1222	1867	1242	1195	1800	1329	1585	1163	1331
2455	1922	1912
3480	3799	3938	3677
1944	2031	2325	1964
2456	2541	1912
2458	2283	2125	1912	2399	2062	1577	2518	2183
925	1819	1312	1877	1600	1653	1132	1554
3487	3723	3530	3437
3488	3731	3838	3573	3845	3605	3902	3926	3604	3518	3527	3707	3930
1954	1947	2659
419	540	488	400	567	428	487	452
422	438	545	460	474	402	414	395	359
1453	914	1575
3501	3938	3800
2479	2434	2451	1959
2996	2848	3117
1460	1570	1074	1029	1768
438	511	456	460	414	402	553	370	373	395	483	523	488	394
951	1641	1687
1465	2399	1577	1171	908	107
953	1330	1722	1520	1029	1331
445	388	398	493	400
1473	1343	1786	1818
1475	1277	1426
3528	3926	3611	3518	3604	3542	3800	3707	3488
456	545	460	494	553	370	479	395	439	497	419
460	402	374	567	395	558	475	348	514	560
3533	3501	3877
1485	1735	1799
1488	1662	1707	1107	1845	960
980	1272	1230	1557	1520	1195	1290	1603	934	1026	1431
3542	3518	3527	3902	3635	3437	3488	3707
471	451	378	553	395	420	419	475	348
1496	1121	1296	1545
474	481	359
3036	3304	2925
995	1570	1460	1074	1861	1553	1768	1517	1488
487	439	400
488	394	378	395	496	391
3561	3825	3469	3604
1513	1269	1075
490	502	376	523	434	475
1003	1639	1484	1779	1835	1707
493	388	400	497
2029	2298	2642	2062
494	398	497
2543	1718	2597	1577	1912	1985
1520	1891	1272	921	1659	1330	1603	1717	1431	1173	1391
496	378	438	434	553	456	374	483	508
497	400	483	416	370	392	428	559	555
1011	977	944
3573	3838	3452	3526
3574	3731	3576	3611	3635	3642	3877
3576	3488	3800	3838	3573	3966	3902	3926	3611	3437	3828	3452	3528
1528	1746	1835	1056	1791
3578	3860	3683	3828
2557	2419	2325	2610
