1025	1332	107
514	400	420	395	475	374	391	471	541
515	460	553	434	414	545	374	496	376	402	471	395	483
3	85	323	274
2052	2461	2384	2250	2347	2543
1029	995	1084	484	1171	1768
1033	1307	1511	951	1567	1806	107
2062	2224	2125	2283	2652	2096	2242
3603	3838	3828	3756
3605	3838	3800	3528	3860	3730	3576	3611	3574	3828	3707	3437	3670
1563	1149	1485	1124	1799	1107	1621
3611	3518	3604	3542	3930	3578	3845	3731	3902	3488	3838	3573	3437
1565	1113	1763	1844
542	445	400
1056	1160	1280	1029
544	395	525	553	374	378	402	451	523	460	508	483	419	428	514	497	604
545	553	511	374	376	460	544
1570	1344	1861	1029	1553	1074	1621	1554	1359	1563
548	525	438	474	367	490	355
1573	1432	1373	1479
38	141	332	0
3625	3656	3756	3677
553	374	455	370	376	402	614	395	523	460	567	488
1577	2224	2598	2062	1029	2351	1074	2052	107
2091	2231	2126	2341
559	388	567	483
1584	1539	1130	1467	1800	1427
1074	1861	1029	1084	1465
2611	2142	2189
567	370	374	456	402	483	471	451	439	416	388	497
569	553	471
1084	995	1570	1768
1085	1567	1421	1410	1511	3756	1518	1193	107
63	0	271
2111	2054	1947	1959	2390	2438	2072	2243	2279	2344
1600	1653	1554	1750
2114	2231	2412
1603	934	1242	1589	1222	1230	1195	1431
1095	483	962
3656	3756	3683	3437
72	232	3
73	0	25
2634	2421	1912
2126	1960	2317
2642	2351	1577	2232	2322	2419	2557	2153
85	188	258	170	0	271
1625	641	1294	915	107
1113	1881	1878
604	423	428	395
92	330	299	249	196
3677	1085	3586	3501	3800	3697	3656
2142	2189	2347
606	963	428
1123	1156	1735	1485	1839	1107	1488
3683	3877	3756
1125	997	1823	1849	1184	1707	1556
617	592	626	654
107	1567	1687	641	1203	1726	1761	1553	1387	947	1678	1486	1135	1717	1344
1644	980	1272	1867	1717
1645	1113	930
1135	1389	913
3697	3938	3586
113	169	158	119	188	72	203
628	647	643
119	323	170	208	105	248	269	171	203	271
123	55	82	0
3707	3527	3518	3731	3576	3838
1661	933	1894	1828
1156	1810	1839	1563	1707	1107	1488
2694	3304	3324
1159	1496	1051
1160	1280	1707
1162	1814	1901
1171	995	1387	1297	1074	107
1184	1810	1149	1662	1563	1124	1488	1823	1491	1390	1849
1698	900	1553	1033	1615	1307	1687
1189	949	1553	1311
1702	1911	1161	1656
1703	1131	917	1699	1244
168	129	339
1195	1891	921	1520
3756	3586	3800	3437	3448	3605	3576	3492
2221	2652	2438	1912	2062
1199	1125	997	1491
2224	2598	2028	2458	2543	2052
3761	3466	3602
2739	3162	3420	3068
1203	908	1307
2231	2497	1912
2232	2189	2445	1912	2455
1722	1589	1702
1724	1075	1278
1725	1469	1667
1213	1259	1725	1469
1726	1450	1369	2678
194	346	266	196
2243	2221	2125	2096	2458	2598	2054	2518	2199	2062
1222	1589	980	921	1702	1520	953
1738	1531	1807	917
204	330	194	213	346	249	0	92
1744	1778	1114	1300	483	1882	606	641
3800	3488	3586	3542	3943	3635	3611	3730	3604	3527	3448	3512
1242	1644	1589	1659	980	1867
224	271	236	25	40	188	141	291	232	276
1761	1599	1135	1559	1026	993	1529	1731
1250	1199	1491
2279	2399	2169	2347	2224
1768	1570	1620	1054	1791	1431	1074	1553	1800	1329	1811
232	285	158	0
236	169	141	62	272	248	257	105	314	276	69
3823	3437	3535
2289	2419	2557	2260	2642	2322	2153	2325
1778	484	1114	428	1549
3829	3758	3534
3832	3730	3528
249	24	299	330	194	213	0
2298	2480	2605
1786	942	483	1261
252	134	82
2813	3020	2760
254	194	249	266	204	330	196	0	101
257	169	295	272	258	25
1281	1373	1429
3847	3610	3660
266	204	249	92
3340	3020	3222
269	58	0	81
1294	915	1425
271	236	232	25	72	113	188	170	40	272	169	82	290	276	314	203
272	320	213	85	346	156	0	25	72
3345	3344	3321
2322	2656	2557	2612	2610
1300	1313	1095	376
1303	1277	919	1426
288	0	25
2336	2102	2445	2042
290	188	0	25
1314	1118	1548	963	606
1828	1019	1529	917
2341	1922	2231	2455	2456
2344	1912	1948	2199
1835	1823	1262	925	1160	1184	1791	1390
2347	2250	1947	2543	2224	1577	2384	2042	2344
1837	1733	1319
1839	1184	1707	1107	1735	1810	1124	1563	1488	1823	1835	1491	1125
2863	2781	3349
1842	1101	1329	1791
1330	1722	1222	1603	1431
308	22	213	0	203
2870	2934	3009
3902	3838	3860	3573	3527	3437	3518	3452	3930	3934
2371	1960	2126
1861	1620	1029	1768
1349	976	1878
3404	2675	3264
1870	948	1882	1565
2384	2344	2399	2415	1912	2250	2111	1947	1577	2543	2224	2597
2385	2149	2215
1878	1645	930
3930	3642	3576	3838	3860	3437	3542	3471	3573	3492
349	478	508
1374	641	930	107
3938	3877	3800	3586	3731	3642	3578	3576	3488	3605	3741	3828	3860	3677	3966	3527
1891	1589	980	1659	1272	1717	1222	921	993	978
3943	3501	3938	3677
1387	1486	171
367	359	490	553	525	474	422	491
2421	2437	2017
1912	2096	2243	1985	2341	2642	1989	2610	2062	2639	2091	2111	2114	2587	1947	2316	2390	2017	2421	1996	428	2209
378	553	434	456	374	414	376	614	483	515	394	367
3452	3611	3603	3488	3966
3966	3573	3488	3902	3860	3731	3542	3604	3611	3485
1408	1052	1807	1114
2434	2279	2451
1410	1421	1687
1922	2412	2587	1912
3460	3786	3881
3466	3680	3668
395	545	511	370	376	567	419	497
1420	1557	1290	1867
3469	3634	3945	3825	3604
3471	3966	3437	3902
402	374	545	451	395	508	514	475	348
915	641	606	1549
1428	949	1189
1941	2026	2567
917	1052	1725	1371
1429	917	1032
3989	594	3991
3480	3799	3938	3677
2456	2541	1912
1944	2031	1964	2325
2458	2283	2125	2399	2518	2183	1912	1577	2062
1947	1939	2274	2555	2390	1941	2052	2344
2973	3344	3386	3321	3345
2461	2384	2399	2224	1577	2543
414	553	374	496	628	370	376	614	395	544	567	671	649
930	1549	1801	1625	107	1113
1954	2659	1947
423	392	428
1959	2451	1947	2434	2384	1912	2042	2344
1450	1561	1656	1171
1964	2126	2371	2317	1960
428	1114	512	460	558	1408	1574	594	915	395	514	1545	553
942	1894	483
2479	2451	2434	1959
3506	3558	3620	3896
434	414	456	478	523	349	488	580	497
947	1761	1135	1717
950	908	1687	107
439	553	374	471	376	544	514
951	1641	1687
445	493	388	398	400
3518	3832	3578	3605	3838	3800	3437
450	481	497
451	553	569	395	439
1485	1735	1799
3022	3426	3033
976	1122	1878
1491	1125	1823	1849	1532
469	553	370
3542	3518	3527	3635	3488	3902	3707	3437
471	553	378	451	395	420	419	475	348
1496	1296	1121	1545
474	481	359
478	496	508
481	422	367	359
995	1570	1460	1861	1553	1768	1074	1517	1488
483	525	553	414	1313	395	1300	962	419	416
1511	1806	1698	1615	951	1307	1656	1687
488	394	378	395	496	391
1513	1269	1075
3561	3825	3469	3604
1003	1484	1639	1779	1835	1707
3566	3723	3487
494	398	497
496	553	434	456	374	378	438	508	483
1520	1891	1659	1272	1717	1330	921	1603	1431	1173	1391
497	400	483	370	559	416	428	392	555
1011	944	977
1528	1746	1835	1056	1791
3576	3838	3437	3488	3828	3966	3573	3902	3800	3611	3926	3528	3452
1529	1052	1385	1778	1574
3578	3860	3683	3828
1531	1443	917
2557	2419	2610	2325
