0	72	276	258	119	188	169	271	213	194	141	82	257	285	236	113	224	346	266	291	105	10	196	295	55	69	3	330	206	207	347	250	171	120	173	58
1025	1332	107
514	400	420	475	391	374	395	471	541
515	553	376	545	374	434	483	395	414	402	496	460	471
1029	995	1768	1084	1171	484
2054	2199	2072	2280
1033	1307	1511	951	1567	1806	107
2062	2283	2224	2125	2652	2096	2242
3602	3524	3466
3603	3828	3756	3838
3605	3730	3611	3838	3574	3528	3860	3800	3437	3828	3576	3707	3670
1561	1369	107
1563	1124	1107	1799	1149	1485	1621
3611	3604	3542	3518	3488	3930	3845	3573	3578	3838	3902	3731	3437
1565	1113	1763	1844
542	445	400
1054	1724	1819	1861	1128	1344	1529	1827	1761
1056	1160	1280	1029
548	525	438	490	474	367	355
1573	1432	1373	1479
38	141	0	332
2598	1465	2399	2062	2458	2642
40	272	158	332	257	258	274	77	113	72	0	232
3625	3656	3756	3677
2091	2231	2126	2341
556	487	544	395	400	652
3117	3022	3431
558	604	423	543
559	388	567	483
2610	2174	2355	2289	2419	2400	2612
1074	1029	1861	1084	1465
3635	3605	3611	3926	3730	3518	3832	3838	3437
2102	2042	2598	2642
55	203	170
567	370	402	374	471	456	451	483	439	388	497	416
1084	1570	995	1768
1085	1567	1421	1410	1511	1193	1518	3756	107
63	271	0
1600	1554	1653	1750
1603	1589	1230	1195	1222	1242	1431	934
1095	483	962
73	0	25
1615	1567	1307	1687	1033	1553	1708	1421	908	107
82	169	119	158	314	170
1625	641	915	1294	107
2649	2224	2028
3674	3756	3625	3437	3610	3586
1114	484	1882
604	423	428	395
606	963	428
1123	1156	1107	1735	1488	1485	1839
1125	997	1823	1849	1184	1707	1556
113	158	188	169	203	119	72
628	647	643
634	646	587
3707	3576	3527	3838	3518	3731
123	55	82	0
1659	1644	1222	980	1255
1149	1124	1107	1810	1707	1839	1485
641	428	400	930	606	1114	580
1156	1839	1810	1563	1707	1488	1107
647	634	577	632
1159	1496	1051
1160	1280	1707
1161	1911	1337
3724	3483	3437
141	40	257	272	25	258	271	72	276	291
1678	1819	1726	1561	1450
3730	3542	3518	3604	3528	3926	3578	3488	3707
1687	1307	1421	1033	1085	1806	900	908	1708	1445	1029
2199	2111	2072
156	85	188	0
1182	1269	920	1718
158	25	0
159	272	0
1698	1615	900	1553	1687	1307	1033
1189	949	1553	1311
168	129	339
169	40	332	10	291
171	1486	1297	1171	58	1549
1707	1124	1107	1563	1799	1184	1662	1735	1123	1823	1456	1902	1491	1280
1195	1520	921	1891
3756	3448	3437	3800	3576	3586	3492	3605
1198	1242	1644	1431	1736	1488
1199	1125	997	1491
1203	908	1307
2739	3420	3162	3068
1717	1589	1659	1603	1222	953	1242	980	1678	1344
1720	1764	1148
2232	2445	2189	1912	2455
188	323	119	272	258	274	25	3	291
1725	1469	1667
1726	1369	1450	2678
194	346	266	196
3782	3468	3931	3763	3945
1222	1589	921	1520	980	953	1702
2760	3432	2678
2250	2461	2543	2224	1577
208	188	332	0	285	291
1745	1830	1496
213	40	285	236	224
1238	1772	1420	1330
221	25	0
1247	1575	914
1761	1559	1135	1599	993	1529	1026	1731
1250	1491	1199
1763	1870	1695	1844
2283	2598	2642	1577	2224
3823	3535	3437
3828	3966	3574	3604	3448	3756	3707
1272	1589	1222	921	1603	1431	1585
249	194	330	24	299	213	0
3321	3344	3296
1277	1426	919
2813	3020	2760
3838	3938	3926	3528	3542	3578	3604	3800	3452	3966	3943	3437	3828	3448	3471
1278	1075	1054
1791	1101	1721	1431	1823	1056	1491	1620	1707	1839	1280
1281	1373	1429
1794	1699	1223	1818	1807
258	156	272	295	291
3845	3838	3966	3902	3437	3471
3847	3610	3660
269	58	0	81
1294	915	1425
1296	1529	1275	1385	1109
274	85	170	0
1810	1799	1107	1563	1124	1707	1488
2322	2656	2610	2612	2557
1811	1056	1800
2325	2419	2031	2322	2642	1964	2637
3861	3454	3496
1814	968	1599
2844	3395	3034
288	25	0
2336	2102	2042	2445
1314	606	1118	1548	963
1826	1380	1083	1665
1828	1019	1529	917
1318	606	930
1322	1019	1573
2347	2250	1947	2224	2384	2344	2543	2042	1577
2351	2026	2233	2153
1842	1101	1329	1791
1844	1878	1427	1349	1025
308	22	213	203	0
1333	1784	1798	1371
2870	3009	2934
3386	3344	3321	3345
3902	3573	3437	3527	3860	3452	3518	3838	3930	3934
1344	1861	1620	1431	1800
323	0	271	290	258	25	308	85	274	141	10
2371	2126	1960
330	266	196
3404	3264	2675
1870	948	1565	1882
2385	2149	2215
1875	1751	989
1877	1600	1819
2390	1959	2479	2434	2384	2344
1881	1222	1356
1369	1460	1301
349	478	508
2399	2347	2283	1912	2052	2344	2111	1947	2250
1377	1885	1076
1891	1272	921	1589	1222	1717	980	1659	993	978
1894	1751	1128	1595	941	1828	1392
359	530	491	531
1387	171	1486
2412	2587	2455	2341	1912
1902	1026	1823	1835	1839	1160	1456	1791	1056	1280
370	525	402	460	515	378	471	420	483	451	374	439	544	419	559
374	525	438	456	483	451	614	523	419	488	569	348
378	376	434	553	515	414	614	456	483	374	394	367
3452	3611	3488	3603	3966
3966	3488	3573	3731	3902	3860	3611	3542	3604	3485
2434	2451	2279
3460	3786	3881
900	1615	908
392	460	428	514	487	556
395	545	370	376	567	511	419	497
1420	1867	1557	1290
1421	1307	908	107
3469	3945	3825	3634	3604
3471	3966	3437	3902
400	388	428	544	395	606
402	545	374	395	451	508	514	475	348
1427	1349	1660	1303	1878	1763
915	641	1549	606
1428	949	1189
1429	917	1032
2455	1922	1912
1431	953	1589	1717	1222	1242	1867	1195	1585	1800	1329	1331	1163
3480	3799	3938	3677
2456	2541	1912
921	1589	1603	1230	980	1431	1390	1835	1823
925	1819	1554	1600	1877	1653	1312	1132
2973	3344	3345	3321	3386
1954	2659	1947
930	1801	1549	1113	1625	107
419	540	488	567	428	400	487	452
2979	2813	3340
1959	2451	2434	1947	2384	2344	1912	2042
3496	3722	3817	3487	3677	3437
1453	914	1575
942	1894	483
434	414	456	523	488	478	349	497	580
950	908	1687	107
951	1687	1641
953	1330	1520	1722	1029	1331
1465	2399	1577	1171	908	107
445	493	388	400	398
3518	3832	3800	3578	3838	3437	3605
1473	1343	1786	1818
1475	1277	1426
451	553	569	395	439
1989	2611	2142
456	545	494	553	370	395	439	460	497	479	419
3533	3501	3877
3022	3033	3426
3535	3524	3437
1488	1107	1662	1707	960	1845
980	1603	1557	1272	1431	1290	1520	934	1195	1230	1026
469	370	553
2518	2598	2125	2642	2283	2096
3542	3527	3635	3518	3488	3902	3437	3707
478	508	496
481	367	422	359
2531	2355	2400	2610
483	525	553	414	1300	1313	395	419	962	416
995	1570	1861	1768	1460	1074	1553	1517	1488
484	423	1357	1408	428	1620	953	913
1513	1269	1075
3561	3469	3825	3604
493	388	400	497
3566	3487	3723
2543	1718	1577	2597	1912	1985
496	378	438	553	456	483	434	374	508
497	400	428	392	483	416	370	559	555
3574	3642	3731	3611	3576	3635	3877
502	548	367
1528	1746	1835	1056	1791
3578	3860	3828	3683
1531	1443	917
2557	2325	2419	2610
511	456	376	488	525
