0	258	72	276	188	141	119	169	213	346	291	257	82	266	285	105	113	10	194	196	3	295	330	69	55	224	271	236	171	206	207	250	347	120	173	58
514	400	420	395	475	374	391	471	541
3586	3501	3480	862	3930
515	376	414	496	545	460	402	374	553	471	434	483	395
3	274	323	85
1029	995	1084	1171	484	1768
1033	1307	1511	1806	1567	951	107
523	460	402	545	370	456	496	422	395	439	418
1549	428	641	1625	1408	1338	1109	1387	1297	1294	107
2062	2652	2283	2125	2096	2224	2242
3602	3466	3524
1554	1819	1877	1132	980	1250	1563
3605	3611	3730	3838	3528	3860	3574	3800	3707	3576	3437	3828	3670
1559	1389	1135
25	3	236	119	0	40	169	113	69	72	232
1565	1763	1113	1844
542	445	400
545	460	511	376	553	374	544
1570	1861	1074	1029	1344	1553	1621	1554	1359	1563
548	438	525	490	474	367	355
1573	1432	1373	1479
1574	484	1408	1778	1114	1385	1357	1744	1549
1577	2351	2598	2052	2224	2062	1029	1074	107
553	460	376	374	614	567	402	370	395	523	488	455
556	487	544	400	395	652
559	388	567	483
1584	1130	1467	1539	1800	1427
1074	1861	1029	1084	1465
3635	3611	3926	3518	3730	3605	3832	3838	3437
1076	1842	1551	1243	934	1467
1589	980	1520	1867	1330	953	1198
2102	2042	2642	2598
567	370	451	456	471	374	402	483	439	388	416	497
569	471	553
1084	1570	995	1768
1085	1567	1421	1511	1410	1518	1193	3756	107
62	141	323	0	170	276	224
63	0	271
2114	2231	2412
1603	1589	1222	1230	1242	1195	934	1431
1095	962	483
2126	2317	1960
1615	1307	1553	1033	1567	1421	1687	1708	908	107
82	169	119	314	170	158
2642	2232	2351	2153	2322	1577	2419	2557
1107	1184	1124	1662
2643	2125	2224
1113	1878	1881
2649	2028	2224
1114	484	1882
604	423	428	395
92	299	330	249	196
2652	2243	2458	1912
3677	3586	3501	3800	3697	3656	1085
606	963	428
2142	2189	2347
1122	1349	1427	1878	1844	363
3683	3877	3756
1123	1156	1839	1107	1735	1488	1485
1124	1735	1156	1485	1488	1845	1827	1604
617	592	626	654
105	272	257	25
107	1567	1687	641	1203	1135	1717	1761	1726	1344	1553	947	1678	1486	1387
1132	1600	1361
1645	1113	930
628	647	643
119	323	170	208	105	248	269	203	171	271
1656	1726	951	1369	1561	1687
634	646	587
1661	933	1894	1828
1662	1839	1124	1563	1799	1810	1123
641	428	400	930	606	1114	580
2694	3304	3324
647	634	577	632
1160	1280	1707
1161	1911	1337
141	257	272	40	258	291	276	25	72	271
3730	3518	3604	3542	3528	3926	3488	3707	3578
3222	2760	1726	2678
2199	2072	2111
156	188	85	0
3741	3501	3877	3966
158	0	25
1184	1124	1662	1563	1149	1810	1488	1823	1491	1390	1849
1698	1553	900	1033	1615	1307	1687
1702	1911	1161	1656
1703	1131	917	1244	1699
1195	921	1520	1891
171	1486	1297	1171	58	1549
3756	3448	3437	3800	3576	3586	3492	3605
2221	2438	2652	1912	2062
1198	1242	1644	1431	1736	1488
2224	2028	2458	2598	2052	2543
2739	3162	3420	3068
1203	908	1307
1717	1589	1242	953	1659	1222	980	1603	1678	1344
1718	2133	1513
2231	2497	1912
2232	2189	1912	2445	2455
1722	1589	1702
3772	3847	3610
1724	1075	1278
1213	1259	1469	1725
2243	2221	2458	2125	2096	2054	2598	2062	2199	2518
3780	3966	3741	3877
196	249	204	266	285
3781	3946	3437
1222	1589	980	1520	921	953	1702
3782	3468	3931	3945	3763
1735	1184	1563	1799	1149	1662	1810
2760	2678	3432
204	330	346	249	194	213	0	92
208	188	332	0	291	285
1761	1599	1559	1135	1026	993	1529	1731
3810	3782	3468	3786
1763	1844	1870	1695
2280	2072	2243	2199
1772	1557	1420
236	141	272	169	257	62	276	105	248	69	314
1265	1269	1513	1182	1811
3829	3758	3534
248	291	169	332	323	158	38	0
3321	3344	3296
2298	2480	2605
1786	942	483	1261
252	134	82
1277	1426	919
254	249	266	196	194	204	330	0	101
257	272	169	258	295	25
258	272	156	295	291
3845	3838	3902	3966	3437	3471
3847	3610	3660
269	58	0	81
1296	1275	1529	1385	1109
3345	3321	3344
1297	1486	1387
2322	2610	2612	2557	2656
1811	1056	1800
276	232	25
3860	3611	3488	3528	3518	3838	3576	3828	3448
1300	1095	1313	376
2325	1964	2637	2642	2322	2419	2031
3861	3454	3496
1303	1277	919	1426
3866	3782	3468
1307	1553	1806	1567	1085	900	908	107
2844	3395	3034
2849	3291	3049
1314	1118	1548	963	606
1826	1083	1380	1665
3877	3501	3488	3731	3943	3605	3578	3838	3576	3966	3573	3437
2341	2231	1922	2456	2455
1318	606	930
1322	1019	1573
1837	1733	1319
1839	1184	1107	1124	1735	1707	1563	1810	1488	1823	1835	1491	1125
2863	2781	3349
1842	1101	1329	1791
2870	2934	3009
1337	1911	1702
3386	3321	3344	3345
2371	2126	1960
1861	1620	1029	1768
332	323	119	213	158	77	0	10	25	203	224	271
3404	3264	2675
3924	3437	3719
1877	1819	1600
2390	2434	2479	2344	2384	1959
1878	1645	930
1366	1131	1703
1881	1222	1356
1882	1565	1763	641	606
1374	641	930	107
3938	3877	3586	3488	3677	3800	3731	3605	3578	3860	3741	3576	3966	3642	3828	3527
1891	1589	980	1272	1659	921	1222	1717	993	978
1894	1751	1128	1595	941	1828	1392
359	530	491	531
3943	3677	3938	3501
2412	2587	2341	2455	1912
3437	3731	3828	3800	3707	3860	3488	3966	3574	3573	3578	3528	3926	3730	3603	3452	3586	3938	3832	3526	3914	3566	3861	3780	3857	3741	3699	3492	3959	3610	3512	3740	3608	3723	3904	3719
1391	1135	1761	1789
367	359	422	490	474	553	525	491
2421	2017	2437
374	438	456	525	614	451	483	523	488	569	419	348
3448	3930	3642	3437	3586	3966	3471	3845
1912	1985	2243	2096	2642	2610	2062	1989	2111	2390	1947	2341	2091	2587	2114	2639	2209	2316	2017	428	2421	1996
3452	3611	3488	3603	3966
1922	2412	2587	1912
1410	1421	1687
3460	3786	3881
392	428	460	514	487	556
908	1033	107
1421	1307	908	107
398	479	394	456	497	512	493
1427	1349	1878	1660	1303	1763
915	641	606	1549
1941	2026	2567
1429	917	1032
3989	594	3991
1431	1589	1717	1222	953	1867	1800	1242	1195	1329	1585	1163	1331
2456	2541	1912
3480	3938	3799	3677
921	1589	980	1230	1603	1390	1431	1835	1823
2458	2283	2125	1912	2399	2183	1577	2062	2518
2461	2384	2399	2543	1577	2224
925	1600	1819	1877	1554	1132	1653	1312
3488	3604	3926	3527	3518	3838	3731	3605	3845	3902	3707	3573	3930
930	1801	1549	1625	1113	107
2979	2813	3340
419	488	540	567	400	428	487	452
1959	2434	2344	2451	2042	2384	1912	1947
1964	2317	2371	2126	1960
942	1894	483
944	977	1338
947	1761	1717	1135
1460	1570	1074	1029	1768
2996	2848	3117
950	908	1687	107
1467	1800	934	1371
445	493	398	388	400
451	553	569	395	439
1989	2611	2142
456	545	460	370	553	395	494	479	439	497	419
1491	1125	1823	1849	1532
980	1272	1520	1603	1230	1195	934	1557	1290	1026	1431
2518	2096	2125	2283	2642	2598
474	481	359
3036	3304	2925
478	496	508
2531	2355	2400	2610
483	414	553	525	395	1300	1313	962	419	416
484	1408	1620	423	1357	953	913	428
1511	1698	1806	1615	951	1307	1656	1687
487	400	439
1513	1269	1075
1003	1639	1484	1779	1835	1707
2029	2642	2298	2062
493	388	400	497
494	398	497
3566	3723	3487
2543	1985	1912	1718	1577	2597
497	400	483	428	392	416	559	370	555
3573	3838	3452	3526
502	548	367
3578	3860	3828	3683
2042	2250	2111
