515	376	496	553	414	460	545	434	483	402	374	471	395
3	85	323	274
2054	2199	2072	2280
1547	1132	1600	925	1554
523	460	456	402	545	370	496	422	395	439	418
1549	428	641	1625	1338	1109	1408	1387	107	1294	1297
1551	1842	1101	1329	1791
1553	1806	1029	1861	1511	1074	1620	1085	900
1554	1132	1819	1877	980	1563	1250
3603	3828	3838	3756
24	299	194	92	266	0	57
1561	1369	107
25	236	3	232	113	119	72	40	0	169	69
3611	3604	3518	3542	3902	3578	3488	3845	3731	3838	3930	3573	3437
1563	1149	1799	1124	1485	1107	1621
1565	1113	1763	1844
542	445	400
1567	1687	1421	1511	1698	908	1518
1056	1280	1160	1029
1570	1861	1029	1344	1553	1074	1621	1359	1554	1563
548	525	367	438	474	490	355
1573	1432	1373	1479
40	257	332	272	232	77	113	158	258	72	0	274
553	460	374	376	402	370	614	567	523	455	395	488
1577	2224	2598	2062	2351	1074	1029	2052	107
2091	2231	2341	2126
556	487	652	395	544	400
3117	3022	3431
558	604	423	543
1074	1861	1084	1029	1465
2611	2142	2189
1076	1842	1551	1243	934	1467
1589	980	1198	1330	1867	1520	953
569	471	553
1084	995	1570	1768
1085	1567	1421	1511	1410	1518	3756	107	1193
62	141	276	323	170	0	224
63	271	0
2111	2054	1947	1959	2390	2072	2243	2344	2279	2438
1600	1653	1554	1750
2114	2412	2231
1603	1589	1230	1222	1242	1195	934	1431
3656	3756	3683	3437
72	232	3
73	25	0
1615	1307	1033	1567	1687	1421	1553	1708	908	107
2642	2351	1577	2232	2153	2419	2557	2322
82	119	170	314	169	158
2643	2224	2125
1620	995	1570	1084	1029	1074	913	1518	1835	1056	1184	1707	1125	1390
85	188	258	170	0	271
2652	2243	2458	1912
604	423	428	395
3677	1085	3586	3501	3800	3697	3656
1123	1156	1839	1107	1735	1485	1488
1132	1600	1361
1135	1389	913
113	72	203	169	188	119	158
3697	3586	3938
119	323	170	203	208	105	248	269	271	171
1656	951	1369	1726	1561	1687
1659	1644	1255	980	1222
3707	3518	3527	3576	3838	3731
1149	1810	1485	1839	1707	1107	1124
1662	1799	1810	1839	1563	1124	1123
641	428	1114	400	606	930	580
1156	1810	1107	1839	1707	1563	1488
2694	3304	3324
647	634	577	632
1161	1337	1911
3724	3483	3437
141	272	276	257	291	40	258	72	25	271
654	605	592	626
1171	1297	1387	995	1074	107
1687	1421	1085	1307	1033	1806	1708	908	900	1445	1029
2199	2111	2072
3741	3501	3877	3966
1698	1033	900	1615	1307	1553	1687
1702	1911	1161	1656
168	129	339
169	10	291	40	332
171	1297	1171	58	1486	1549
3756	3448	3492	3586	3605	3576	3437	3800
2221	2652	2438	1912	2062
1711	1110	107
3761	3466	3602
1717	1589	1222	953	1242	980	1659	1603	1678	1344
1718	1513	2133
2232	2189	1912	2445	2455
3772	3610	3847
1213	1725	1469	1259
3780	3741	3966	3877
196	204	249	266	285
3781	3946	3437
1222	1520	980	1589	921	953	1702
3782	3468	3945	3931	3763
1736	1902	1416	1772	1827	1124
1738	1807	1531	917
203	82	211	170	40	272	0	331	25	161
1230	1222	1352	1589	1867	953	1431
208	188	332	291	0	285
1238	1772	1420	1330
221	0	25
224	271	236	25	232	40	276	291	141	188
1761	1599	1559	1135	1529	1026	993	1731
1763	1844	1870	1695
2280	2072	2243	2199
1768	1791	1570	1620	1074	1329	1553	1054	1811	1431	1800
232	0	285	158
1772	1557	1420
3823	3535	3437
1265	1269	1513	1182	1811
2289	2419	2153	2557	2642	2322	2325	2260
1778	484	1114	428	1549
1267	1199	1125	997	1491	980
3828	3707	3966	3574	3604	3448	3756
3829	3758	3534
248	291	169	332	323	158	0	38
3321	3296	3344
2298	2480	2605
1786	942	483	1261
1791	1721	1101	1431	1823	1056	1707	1839	1620	1280	1491
257	169	272	258	295	25
1281	1373	1429
1794	1223	1699	1818	1807
3845	3838	3902	3966	3437	3471
266	249	204	92
3340	3020	3222
1806	1698	951	1656	1615	1445	1567	1085	1702
271	236	72	25	232	113	203	40	170	188	276	169	272	82	290	314
272	320	85	156	213	0	346	25	72
1297	1486	1387
274	85	170	0
276	232	25
1300	1313	376	1095
1814	1599	968
288	0	25
2336	2102	2445	2042
1826	1380	1083	1665
1314	1548	1118	606	963
291	332	272	213	232	158	10	113	271	72	25
1828	917	1019	1529
3877	3501	3943	3578	3488	3966	3731	3838	3576	3573	3605	3437
2341	1922	2455	2231	2456
1318	606	930
2863	2781	3349
2870	2934	3009
3386	3321	3345	3344
3902	3838	3573	3860	3437	3527	3930	3452	3518	3934
1344	1861	1620	1431	1800
1861	1620	1029	1768
2374	2233	1985
1867	1557	1659	1198	1222	1238	1881	1717
332	119	323	10	203	213	158	0	271	25	224	77
3404	3264	2675
1357	1778	1114	1487
2384	2399	1912	2344	2415	1947	2250	2224	2543	2597	2111	1577
2896	2925	2864
1875	989	1751
3924	3719	3437
3926	3611	3527	3604	3542	3902	3731	3605	3966	3800	3934
1878	1645	930
1369	1460	1301
346	249	266	254	24	330	196
3930	3471	3492	3542	3838	3642	3573	3860	3576	3437
1371	1798	1784
349	478	508
1374	641	930	107
1377	1885	1076
3938	3586	3877	3677	3800	3731	3488	3605	3576	3578	3966	3741	3642	3860	3828	3527
1387	1486	171
3437	3828	3860	3731	3966	3488	3573	3574	3578	3586	3800	3603	3926	3730	3938	3528	3707	3526	3832	3452	3566	3780	3861	3914	3740	3857	3610	3492	3741	3904	3608	3723	3512	3719	3699	3959
374	525	438	614	523	456	483	451	569	488	419	348
1399	1255	1659	1517
3448	3930	3471	3845	3642	3586	3966	3437
3966	3488	3860	3573	3902	3731	3542	3611	3604	3485
1408	1807	1052	1114
1922	2412	2587	1912
2434	2451	2279
3460	3786	3881
392	460	428	487	514	556
3466	3668	3680
394	515	414	511	544	512
908	1033	107
1420	1557	1290	1867
398	479	456	394	497	512	493
400	388	395	428	544	606
915	641	606	1549
917	1725	1052	1371
3989	594	3991
2456	2541	1912
2458	2283	2125	2399	1912	2518	2183	2062	1577
1947	1939	2274	2555	2390	2344	1941	2052
2461	2384	2399	2543	2224	1577
414	553	496	614	376	370	374	567	395	544	628	671	649
3487	3723	3530	3437
3488	3838	3731	3573	3605	3902	3845	3926	3604	3518	3527	3707	3930
930	1549	1801	1625	1113	107
2979	2813	3340
419	540	488	428	400	567	487	452
422	545	414	438	474	460	402	395	359
3496	3817	3722	3677	3487	3437
428	1114	460	915	1574	1408	558	514	395	512	1545	594	553
3501	3938	3800
942	1894	483
2479	2434	2451	1959
944	977	1338
434	456	414	523	478	488	349	497	580
3506	3558	3620	3896
2996	2848	3117
953	1330	1722	1520	1029	1331
1467	1800	934	1371
3518	3832	3578	3605	3838	3800	3437
3527	3611	3528	3838	3966	3437
3528	3926	3611	3604	3518	3542	3488	3707	3800
460	402	374	567	395	558	514	348	475	560
1485	1735	1799
3022	3033	3426
3535	3524	3437
1488	1707	1107	1662	960	1845
977	1258	1338
1491	1125	1823	1849	1532
980	1557	1272	1230	1290	1520	1603	1195	1026	934	1431
469	370	553
3542	3527	3518	3902	3488	3635	3707	3437
2518	2598	2642	2125	2283	2096
478	508	496
479	512	394
995	1570	1861	1460	1768	1074	1553	1488	1517
2531	2400	2355	2610
483	525	414	553	1313	1300	395	962	419	416
484	1408	1620	423	1357	913	953	428
487	439	400
1511	1806	1615	1698	951	1307	1656	1687
1513	1269	1075
490	502	376	434	523	475
1003	1639	1779	1484	1835	1707
493	388	400	497
3566	3723	3487
494	398	497
2543	1718	1577	2597	1912	1985
496	378	434	438	553	483	456	374	508
3576	3838	3488	3966	3437	3573	3800	3902	3828	3611	3926	3528	3452
2042	2111	2250
2557	2419	2325	2610
511	525	456	376	488
