1025	1332	107
3586	3501	3480	862	3930
3	274	323	85
2052	2461	2384	2347	2543	2250
7	168	129	339
523	370	422	460	545	402	496	456	395	439	418
525	438	545	515	567	456	439	395	419
1549	641	428	1338	1109	1625	1408	1294	1387	1297	107
2062	2652	2096	2224	2125	2283	2242
1551	1842	1329	1101	1791
1553	1620	1861	1074	1029	1511	1806	900	1085
1554	1819	1132	1877	980	1563	1250
3602	3466	3524
3603	3828	3838	3756
3605	3838	3800	3860	3574	3576	3611	3730	3528	3707	3828	3437	3670
1561	1369	107
3611	3604	3542	3930	3518	3902	3578	3731	3488	3845	3573	3838	3437
1563	1124	1485	1149	1107	1799	1621
1565	1763	1113	1844
1054	1344	1819	1724	1861	1128	1529	1827	1761
1056	1280	1160	1029
545	511	460	553	376	374	544
1570	1861	1074	1029	1344	1553	1621	1359	1554	1563
1573	1432	1373	1479
40	332	272	258	257	77	274	158	113	232	0	72
553	460	455	614	567	402	376	370	374	488	523	395
3117	3022	3431
1584	1130	1539	1467	1800	1427
2610	2355	2400	2612	2289	2419	2174
3635	3611	3926	3832	3730	3605	3518	3838	3437
1076	1842	1551	1243	1467	934
55	170	203
567	402	471	451	374	456	370	483	439	388	416	497
569	553	471
3642	3437	3828	3576	3838	3860	3730
58	1912	107
62	141	323	170	276	224	0
63	271	0
1600	1653	1554	1750
2114	2231	2412
1095	962	483
73	25	0
2634	2421	1912
2125	2028	2224	2649	2598	1577	2283	2642	2399
1615	1033	1567	1421	1307	1687	1553	1708	908	107
82	169	314	158	170	119
2642	2232	2153	1577	2419	2351	2322	2557
1620	995	1074	1084	1570	1029	1518	913	1835	1707	1056	1184	1125	1390
1109	1275	1052	428
85	0	188	258	170	271
1113	1881	1878
1625	641	1294	915	107
604	423	428	395
2652	2243	2458	1912
3677	3586	3501	3800	3656	3697	1085
2142	2189	2347
606	963	428
1122	1349	1878	1427	1844	363
1123	1156	1735	1107	1839	1485	1488
1124	1488	1735	1485	1156	1845	1604	1827
105	272	257	25
107	641	1687	1567	1203	1726	1135	1717	1344	1761	1553	947	1486	1678	1387
1132	1600	1361
1645	1113	930
3697	3586	3938
2677	3020	1171
119	105	323	208	269	170	171	203	248	271
1656	1726	1561	951	1369	1687
634	646	587
3707	3576	3527	3518	3731	3838
123	55	82	0
1661	933	1894	1828
1149	1810	1485	1124	1839	1707	1107
2694	3304	3324
647	634	577	632
3724	3483	3437
141	257	272	258	40	291	276	25	72	271
3730	3604	3926	3542	3518	3528	3578	3488	3707
1171	995	1074	1297	1387	107
156	188	85	0
3741	3501	3877	3966
158	25	0
159	272	0
1184	1810	1563	1124	1149	1662	1488	1823	1491	1390	1849
1189	949	1553	1311
1711	1110	107
3761	3466	3602
2739	3162	3420	3068
1718	2133	1513
1722	1702	1589
1724	1075	1278
1213	1469	1725	1259
1726	1450	1369	2678
194	196	346	266
2243	2221	2054	2096	2598	2518	2125	2458	2199	2062
196	249	204	266	285
3781	3946	3437
1735	1810	1149	1563	1799	1184	1662
1736	1902	1416	1772	1827	1124
208	188	332	291	285	0
213	40	224	285	236
1238	1772	1420	1330
1242	1644	1867	1659	980	1589
221	25	0
1761	1599	1135	1559	1026	993	1529	1731
232	285	0	158
1778	484	1114	1549	428
1267	997	1199	1125	1491	980
3828	3707	3604	3574	3966	3448	3756
3829	3758	3534
248	291	169	323	332	158	38	0
3832	3730	3528
1786	942	483	1261
1277	1426	919
1791	1721	1101	1431	1280	1056	1707	1823	1620	1839	1491
257	169	272	295	258	25
1281	1373	1429
1794	1223	1699	1818	1807
1799	1124	1149	1839	1107	1184	1156	1123	1431	1520
1800	1130	1329	1791
3340	3020	3222
271	236	232	72	25	113	40	203	170	276	272	188	169	82	290	314
272	320	213	85	346	156	25	0	72
2322	2656	2612	2610	2557
276	232	25
1303	919	1277	1426
1307	1567	1806	1553	1085	900	908	107
2844	3395	3034
288	25	0
2849	3291	3049
1314	1548	1118	963	606
3877	3501	3943	3966	3573	3731	3578	3488	3838	3605	3437	3576
1318	606	930
1322	1019	1573
1835	1160	1791	1823	1262	925	1184	1390
1837	1733	1319
2863	2781	3349
2351	2026	2153	2233
1330	1722	1222	1603	1431
1842	1101	1329	1791
1844	1427	1878	1349	1025
308	22	213	203	0
1333	1784	1798	1371
2870	3009	2934
1337	1911	1702
320	159	346	0
2371	2126	1960
1349	976	1878
1861	1620	1029	1768
2374	1985	2233
330	196	266
1867	1198	1557	1659	1238	1222	1717	1881
332	77	213	323	10	158	119	203	25	224	0	271
3404	2675	3264
2896	2864	2925
1875	989	1751
3924	3437	3719
3926	3611	3527	3604	3542	3934	3902	3731	3605	3966	3800
1878	1645	930
2390	2434	2479	1959	2344	2384
1366	1131	1703
1369	1460	1301
346	254	249	24	330	196	266
349	478	508
1374	641	930	107
1377	1885	1076
3938	3586	3877	3800	3642	3741	3828	3578	3731	3488	3677	3966	3576	3860	3605	3527
1891	980	1659	1272	921	1222	1589	1717	993	978
359	530	491	531
3943	3677	3501	3938
1387	1486	171
370	460	525	471	515	402	378	451	374	483	420	544	439	419	559
2421	2437	2017
3448	3586	3471	3642	3966	3437	3930	3845
1912	2096	2243	1985	2062	2642	1989	2610	2091	2639	2341	2114	2587	2316	2017	2111	2421	2390	1996	1947	428	2209
3966	3488	3860	3573	3731	3902	3542	3611	3604	3485
1408	1052	1114	1807
1410	1421	1687
388	497	450	370	483
3460	3881	3786
908	107	1033
1420	1290	1557	1867
398	479	456	497	394	512	493
3471	3966	3437	3902
913	1052	1807	1408
402	374	545	508	451	395	514	475	348
1427	1349	1878	1303	1660	1763
915	1549	641	606
1429	917	1032
917	1725	1052	1371
1941	2567	2026
1431	953	1717	1222	1589	1867	1242	1195	1585	1329	1163	1800	1331
3480	3799	3938	3677
921	980	1603	1230	1589	1390	1431	1823	1835
3487	3723	3437	3530
3488	3838	3731	3573	3845	3926	3604	3605	3527	3518	3902	3707	3930
420	553	569	567	451	374	483	439	107
422	474	438	460	545	402	414	395	359
934	921	1589	1431	1243	993	1827	1026
423	392	428
1450	1656	1171	1561
428	460	1114	512	558	1574	1408	594	915	395	514	1545	553
3501	3938	3800
942	1894	483
2479	2434	2451	1959
947	1761	1717	1135
1460	1074	1570	1029	1768
2996	2848	3117
438	511	460	553	373	414	456	402	370	483	523	488	395	394
950	908	1687	107
439	553	471	376	374	544	514
951	1641	1687
1465	2399	1577	1171	107	908
1473	1343	1786	1818
961	1087	1301
450	481	497
451	553	569	439	395
1989	2611	2142
456	494	545	460	553	479	370	395	439	497	419
460	402	567	374	558	395	514	475	348	560
3022	3426	3033
3535	3524	3437
1488	1707	1107	1662	960	1845
977	1258	1338
980	1290	1272	1557	1230	1195	1520	1603	934	1026	1431
3542	3527	3635	3518	3902	3488	3707	3437
1496	1296	1121	1545
474	481	359
3036	3304	2925
479	512	394
484	1620	1408	423	953	1357	913	428
488	394	496	378	395	391
3561	3825	3469	3604
2029	2298	2642	2062
494	398	497
3566	3723	3487
2543	1985	1718	1912	1577	2597
1520	1659	1272	1891	921	1603	1330	1717	1431	1173	1391
497	400	483	559	416	370	392	428	555
3573	3838	3452	3526
502	548	367
3574	3731	3576	3642	3611	3877	3635
3576	3966	3488	3838	3573	3437	3800	3828	3902	3611	3926	3452	3528
1528	1746	1835	1056	1791
3578	3860	3683	3828
1531	1443	917
