0	72	105	276	188	119	258	82	169	3	285	236	271	346	295	141	224	213	330	113	194	196	257	291	171	55	266	69	10	207	347	250	58	173	120	206
1025	1332	107
514	400	395	541	420	391	475	471	374
515	376	434	402	496	545	460	471	553	414	483	374	395
3	274	323	85
1029	995	1084	484	1768	1171
2054	2280	2199	2072
7	339	168	129
1033	1511	1307	1567	951	1806	107
523	460	402	545	496	370	439	456	395	422	418
1547	1554	1600	1132	925
1549	428	641	1338	1625	1408	1387	1109	1294	107	1297
1554	1819	1877	1132	980	1563	1250
3602	3466	3524
3603	3828	3838	3756
3605	3800	3730	3528	3838	3860	3574	3611	3576	3437	3828	3707	3670
24	299	194	92	266	0	57
1561	1369	107
25	236	119	40	3	169	113	72	0	69	232
1563	1149	1124	1799	1485	1107	1621
1565	1763	1113	1844
1054	1861	1344	1819	1724	1128	1529	1827	1761
1567	1687	1421	1511	1698	1518	908
544	395	419	523	378	460	525	514	374	553	483	402	451	508	497	428	604
1573	1432	1373	1479
2598	2458	2062	2642	2399	1465
1574	484	1744	1385	1408	1778	1114	1357	1549
553	374	376	460	614	402	370	567	455	488	523	395
2091	2341	2231	2126
1074	1861	1084	1029	1465
1075	1128	1407	1054	1344
2612	2289	2325
569	471	553
3642	3828	3437	3576	3838	3860	3730
63	271	0
1600	1554	1653	1750
2114	2412	2231
1095	962	483
72	232	3
3656	3756	3683	3437
2634	2421	1912
2126	1960	2317
1615	1307	1033	1687	1567	1553	1421	1708	908	107
2643	2125	2224
1109	1275	1052	428
1113	1878	1881
1114	484	1882
3674	3756	3625	3610	3586	3437
604	423	428	395
3677	1085	3501	3586	3656	3800	3697
606	963	428
2142	2189	2347
3683	3877	3756
1125	997	1823	1849	1184	1707	1556
614	483	438	515	394	395
105	257	272	25
1644	980	1867	1272	1717
1645	1113	930
3697	3586	3938
628	647	643
634	646	587
123	55	82	0
1661	933	1894	1828
2693	3361	3319
647	634	577	632
1159	1496	1051
1161	1337	1911
1162	1814	1901
3724	3483	3437
654	605	592	626
1171	1387	1297	1074	995	107
3222	2760	2678	1726
1687	1421	1307	1033	1085	1708	1806	900	1445	1029	908
3741	3966	3501	3877
158	25	0
1184	1563	1149	1810	1662	1124	1488	1491	1823	1390	1849
1189	949	1553	1311
1702	1911	1161	1656
1703	1131	917	1244	1699
168	129	339
171	1297	1171	1486	58	1549
1707	1563	1124	1799	1107	1184	1662	1735	1123	1823	1902	1491	1456	1280
1195	1891	921	1520
3756	3448	3492	3586	3800	3605	3576	3437
2221	2652	2062	2438	1912
1711	1110	107
1199	1491	997	1125
3761	3466	3602
1717	1222	1589	980	1242	1659	953	1603	1678	1344
1718	2133	1513
2231	2497	1912
2232	2189	1912	2445	2455
188	272	274	119	323	25	3	258	291
3772	3610	3847
194	266	346	196
3780	3966	3741	3877
196	204	249	266	285
3781	3946	3437
3782	3468	3931	3945	3763
2250	2461	2224	2543	1577
204	330	213	249	346	194	92	0
1744	1778	1114	483	1300	606	641	1882
213	236	40	285	224
3800	3488	3730	3586	3542	3604	3611	3527	3635	3943	3448	3512
1242	1644	980	1589	1659	1867
221	25	0
1247	1575	914
1761	1135	1559	1599	1529	993	1026	1731
1250	1199	1491
3810	3782	3468	3786
2279	2169	2399	2347	2224
232	0	158	285
1772	1557	1420
3823	3535	3437
2289	2642	2322	2419	2153	2557	2260	2325
1778	484	1114	428	1549
1267	1199	997	1491	1125	980
3828	3966	3574	3604	3707	3448	3756
3829	3758	3534
3832	3730	3528
3321	3344	3296
249	299	24	194	330	213	0
2298	2480	2605
1786	942	483	1261
252	134	82
2813	3020	2760
254	249	194	204	330	266	196	0	101
1791	1101	1721	1431	1823	1280	1620	1839	1707	1056	1491
1281	1373	1429
257	272	169	25	295	258
3845	3966	3902	3838	3437	3471
1799	1124	1107	1149	1184	1839	1156	1123	1431	1520
3340	3020	3222
1294	915	1425
1807	1052	1473	935
1296	1275	1385	1109	1529
276	232	25
1300	1313	1095	376
2325	1964	2637	2642	2419	2322	2031
3861	3454	3496
1303	1277	919	1426
3866	3782	3468
1307	1806	1553	1567	900	1085	908	107
2844	3395	3034
285	25	119	113	188	203	272	271	323	332	221
288	25	0
290	188	25	0
291	332	272	25	158	213	113	271	232	10	72
1318	606	930
2347	2384	2250	1947	2224	2543	1577	2042	2344
1837	1733	1319
2351	2026	2233	2153
1844	1427	1878	1349	1025
1337	1911	1702
1344	1861	1620	1431	1800
1861	1620	1029	1768
1349	976	1878
1867	1659	1198	1557	1222	1238	1881	1717
2385	2149	2215
1366	1131	1703
3926	3611	3604	3527	3542	3902	3966	3731	3800	3605	3934
1881	1222	1356
3930	3492	3471	3573	3642	3542	3860	3838	3576	3437
346	266	249	254	24	330	196
1882	1565	1763	641	606
1377	1885	1076
3938	3877	3586	3576	3731	3488	3966	3800	3578	3677	3741	3860	3605	3642	3828	3527
1891	1272	1589	921	980	1222	1659	1717	993	978
1894	1751	1128	1595	941	1828	1392
3943	3677	3501	3938
359	530	491	531
1387	1486	171
2412	2587	2341	2455	1912
367	359	490	422	525	474	553	491
374	523	525	438	456	451	483	614	488	569	419	348
376	525	438	456	614	483	370	471	496	420	402	374	434	567	460	1313	488	394	1095	523	544	419
1912	2243	2096	1985	2062	1989	2642	2341	2639	2587	2114	2421	2091	2316	2111	1947	2390	2017	2209	2610	1996	428
3448	3930	3471	3642	3586	3845	3966	3437
378	376	456	515	614	414	553	434	483	374	394	367
3452	3611	3966	3488	3603
3966	3860	3488	3902	3573	3731	3542	3611	3604	3485
1408	1052	1114	1807
388	497	370	483	450
900	1615	908
394	414	515	511	544	512
908	1033	107
3469	3634	3825	3945	3604
1421	1307	908	107
3471	3966	3902	3437
913	1052	1807	1408
3989	594	3991
2458	2125	2283	1912	2062	1577	2399	2518	2183
1947	2555	1939	2274	2390	2052	1941	2344
3488	3573	3838	3731	3604	3926	3902	3845	3527	3605	3518	3707	3930
1954	2659	1947
930	1801	1113	1625	107	1549
934	1589	921	1431	1243	993	1827	1026
3496	3722	3817	3487	3677	3437
1450	1656	1171	1561
428	1574	460	1114	512	1408	558	915	594	1545	514	553	395
1453	914	1575
3501	3938	3800
3506	3558	3620	3896
434	414	456	488	523	478	349	580	497
947	1135	1761	1717
2996	2848	3117
1460	1570	1074	1029	1768
950	908	1687	107
951	1687	1641
439	376	544	471	553	374	514
3518	3832	3578	3838	3800	3605	3437
1473	1786	1343	1818
1989	2611	2142
3527	3611	3528	3966	3838	3437
460	402	374	558	567	395	514	348	475	560
1485	1799	1735
3533	3501	3877
1488	1707	1662	1107	1845	960
977	1258	1338
980	1272	1230	1195	1290	1557	1431	1520	934	1603	1026
471	378	451	420	553	419	395	348	475
1496	1121	1296	1545
3036	3304	2925
478	496	508
479	512	394
481	359	422	367
995	1570	1861	1460	1074	1768	1553	1517	1488
2531	2610	2355	2400
484	1408	423	1620	428	1357	913	953
1511	1806	1615	951	1698	1687	1307	1656
487	439	400
3561	3469	3825	3604
490	523	434	502	376	475
493	400	388	497
2029	2642	2298	2062
3566	3723	3487
494	398	497
496	378	456	434	483	374	438	508	553
1520	921	1330	1891	1659	1603	1431	1272	1717	1173	1391
497	416	559	400	392	370	428	483	555
1011	977	944
3573	3838	3452	3526
3574	3731	3642	3611	3576	3877	3635
3578	3860	3828	3683
2042	2250	2111
1531	1443	917
