0	72	276	258	105	206	119	295	169	10	55	271	82	188	141	236	213	285	69	257	113	346	194	3	266	224	330	207	291	250	196	347	171	120	173	58
1025	1332	107
514	400	395	374	475	420	541	391	471
1029	995	1084	1768	484	1171
7	339	168	129
1547	925	1600	1554	1132
1551	1842	1101	1329	1791
1554	1819	1877	1132	980	1563	1250
3603	3828	3838	3756
3604	3527	3518	3542	3635	3578	3902	3555	3860	3845	3731	3605	3576	3437
1559	1389	1135
24	299	194	266	92	0	57
3611	3518	3604	3542	3930	3578	3488	3902	3845	3731	3838	3573	3437
1054	1819	1861	1344	1724	1128	1529	1827	1761
544	395	419	553	525	402	460	374	378	451	523	483	508	514	428	497	604
1056	1160	1280	1029
545	511	553	460	374	376	544
548	525	438	474	490	367	355
1573	1432	1373	1479
2598	2062	2642	2458	1465	2399
40	257	272	158	77	332	274	258	113	232	72	0
3625	3756	3656	3677
1577	2224	2598	1029	2062	1074	2351	2052	107
2091	2231	2126	2341
3117	3022	3431
2610	2355	2400	2612	2289	2419	2174
2612	2325	2289
567	370	456	402	374	451	483	471	439	416	388	497
58	1912	107
3642	3437	3576	3828	3860	3838	3730
62	141	323	170	276	224	0
2111	1947	2054	1959	2390	2072	2243	2438	2344	2279
2114	2231	2412
1603	1195	1589	1230	934	1242	1222	1431
1095	962	483
72	3	232
73	25	0
2125	2028	2283	2649	2399	2224	2642	2598	1577
2126	1960	2317
82	169	314	158	170	119
2643	2224	2125
85	0	188	170	258	271
1109	1275	1052	428
2649	2028	2224
1625	641	915	1294	107
3674	3756	3625	3586	3610	3437
604	423	428	395
2652	2243	2458	1912
92	330	196	249	299
3677	1085	3586	3800	3656	3501	3697
2142	2189	2347
1122	1349	1878	1427	1844	363
1123	1156	1107	1735	1839	1485	1488
1124	1735	1485	1488	1156	1845	1604	1827
1125	997	1823	1184	1849	1707	1556
617	592	626	654
105	257	272	25
107	1687	1567	641	1726	1203	1761	1135	1717	1553	947	1387	1678	1486	1344
1644	980	1867	1272	1717
1135	1389	913
628	647	643
1656	1369	1726	1561	951	1687
123	55	82	0
1659	1255	1644	980	1222
641	428	400	930	606	1114	580
2694	3304	3324
647	634	632	577
1160	1280	1707
1161	1911	1337
1162	1814	1901
654	605	592	626
146	119	285	0
3730	3528	3518	3926	3604	3542	3578	3488	3707
3731	3860	3578	3576	3605	3902	3800	3642	3730	3635
3222	2678	2760	1726
2199	2111	2072
3741	3966	3501	3877
1182	1269	920	1718
159	272	0
1184	1149	1563	1810	1662	1124	1488	1491	1823	1849	1390
1698	900	1553	1033	1615	1307	1687
1189	949	1553	1311
168	129	339
170	188	323	332	290	25	3	285	0
1198	1644	1242	1431	1736	1488
2224	2598	2028	2543	2458	2052
3761	3466	3602
2739	3162	3420	3068
1203	908	1307
1717	953	1589	1242	1222	980	1659	1678	1603	1344
2231	2497	1912
1720	1764	1148
2232	1912	2189	2445	2455
1722	1589	1702
3772	3610	3847
188	323	119	272	25	258	274	3	291
1213	1469	1259	1725
194	346	266	196
2243	2221	2458	2096	2125	2598	2054	2062	2518	2199
3780	3741	3966	3877
196	204	285	249	266
3782	3468	3945	3931	3763
204	213	330	92	194	249	346	0
1744	1778	1114	1300	1882	483	606	641
208	188	332	285	291	0
1745	1830	1496
3800	3488	3586	3542	3730	3611	3943	3604	3527	3635	3448	3512
1242	1644	1659	1589	980	1867
221	25	0
1763	1695	1870	1844
2279	2399	2169	2347	2224
2280	2243	2072	2199
1768	1570	1620	1054	1791	1553	1074	1800	1431	1329	1811
232	0	285	158
236	169	62	272	257	141	314	276	69	105	248
3823	3535	3437
2289	2153	2419	2557	2260	2322	2642	2325
1265	1269	1811	1182	1513
248	291	38	169	158	332	323	0
3832	3730	3528
1278	1075	1054
3838	3966	3542	3578	3800	3828	3604	3926	3437	3528	3938	3452	3471	3943	3448
1791	1721	1101	1431	1056	1280	1707	1491	1823	1839	1620
1281	1373	1429
258	156	272	295	291
1799	1184	1149	1107	1839	1124	1123	1156	1431	1520
266	249	204	92
1806	1698	1656	951	1702	1445	1615	1567	1085
1294	915	1425
1807	1052	1473	935
1296	1385	1275	1529	1109
3345	3321	3344
1811	1056	1800
2325	1964	2637	2322	2642	2031	2419
3861	3454	3496
1814	1599	968
1307	1567	1553	1085	908	1806	900	107
288	25	0
2336	2445	2102	2042
290	188	25	0
1314	1548	1118	963	606
1828	1019	917	1529
1318	606	930
2344	1912	1948	2199
1835	1160	1791	925	1823	1184	1390	1262
2347	2250	2224	1947	1577	2543	2384	2042	2344
1839	1184	1735	1563	1107	1810	1124	1707	1488	1823	1491	1835	1125
1842	1101	1329	1791
308	22	213	203	0
2870	3009	2934
3386	3321	3344	3345
3902	3838	3860	3573	3930	3437	3527	3518	3934	3452
1344	1861	1620	1431	1800
1349	976	1878
1867	1659	1198	1557	1222	1238	1881	1717
332	77	119	323	25	271	213	158	10	224	203	0
1870	948	1882	1565
2384	2344	2415	1912	2399	2111	1577	2250	1947	2224	2597	2543
2896	2864	2925
3924	3437	3719
1877	1819	1600
3926	3527	3611	3934	3604	3542	3902	3731	3605	3800	3966
2390	1959	2384	2479	2434	2344
1881	1222	1356
1882	1763	1565	606	641
346	249	266	24	254	330	196
1371	1798	1784
349	478	508
1374	641	930	107
2399	2344	1912	2283	2347	2052	2111	2250	1947
1377	1885	1076
3938	3586	3877	3800	3677	3576	3488	3741	3731	3642	3578	3966	3605	3828	3860	3527
1891	1659	980	1589	1272	1222	921	1717	993	978
359	530	491	531
3943	3677	3938	3501
1387	1486	171
2412	2341	2587	2455	1912
3437	3828	3603	3966	3800	3707	3573	3526	3586	3860	3731	3488	3574	3780	3578	3938	3832	3926	3528	3730	3492	3610	3566	3452	3914	3861	3857	3741	3608	3740	3699	3723	3959	3719	3512	3904
2925	2864	3195
370	420	525	402	460	451	374	471	483	378	515	439	544	559	419
2421	2437	2017
374	525	456	438	451	523	614	569	488	483	419	348
1399	1255	1659	1517
3448	3471	3586	3930	3642	3845	3966	3437
378	553	434	456	374	614	414	376	515	394	483	367
1922	2412	2587	1912
1410	1421	1687
900	1615	908
395	545	511	419	370	376	567	497
3471	3966	3437	3902
913	1052	1807	1408
1427	1303	1349	1660	1878	1763
915	1549	641	606
1428	949	1189
917	1725	1052	1371
3989	3991	594
2456	2541	1912
2458	2283	1912	2125	2399	2183	2518	2062	1577
925	1312	1819	1600	1653	1877	1554	1132
2461	2384	2399	2224	1577	2543
2973	3386	3321	3344	3345
3487	3723	3437	3530
930	1549	1801	1113	1625	107
1954	2659	1947
419	488	428	487	567	400	540	452
2979	2813	3340
420	553	451	374	569	567	483	439	107
422	545	474	438	402	460	359	414	395
423	392	428
1959	1947	2451	2384	1912	2434	2042	2344
1450	1561	1656	1171
1964	2317	2371	1960	2126
428	514	460	1114	915	395	558	512	1408	1574	1545	594	553
1453	914	1575
2479	2451	2434	1959
951	1641	1687
439	544	374	553	376	471	514
953	1330	1722	1520	1029	1331
3518	3832	3578	3838	3605	3800	3437
1473	1786	1343	1818
1475	1277	1426
451	553	569	395	439
3527	3611	3528	3838	3966	3437
3528	3611	3518	3926	3604	3542	3488	3800	3707
3533	3501	3877
3022	3033	3426
977	1258	1338
1491	1125	1823	1849	1532
469	553	370
2518	2598	2642	2125	2283	2096
1496	1296	1121	1545
479	512	394
483	553	525	1313	414	1300	395	962	416	419
995	1861	1460	1570	1768	1553	1074	1517	1488
1513	1269	1075
490	523	434	502	376	475
1003	1484	1779	1639	1835	1707
2029	2298	2642	2062
494	398	497
3566	3723	3487
1520	1891	1659	1330	1272	921	1431	1717	1603	1173	1391
1011	944	977
502	548	367
3576	3437	3488	3573	3838	3966	3800	3902	3828	3611	3926	3528	3452
3578	3860	3828	3683
2557	2419	2610	2325
