514	400	420	395	391	374	475	471	541
3586	3501	3480	862	3930
515	460	414	545	553	496	376	402	434	374	471	483	395
2052	2461	2384	2250	2347	2543
2054	2199	2280	2072
1033	951	1511	1806	1307	1567	107
1549	428	641	1625	1109	1338	1408	1387	1297	107	1294
1551	1842	1101	1329	1791
3603	3838	3828	3756
1559	1389	1135
25	236	3	119	113	232	72	40	0	169	69
1561	1369	107
1563	1149	1107	1799	1124	1485	1621
1565	1113	1763	1844
1567	1687	1421	1698	1511	1518	908
1570	1861	1074	1344	1029	1553	1621	1554	1359	1563
548	525	438	474	490	367	355
1573	1432	1373	1479
38	141	0	332
40	272	257	158	332	0	274	258	113	77	232	72
1577	2598	2224	2062	1074	1029	2351	2052	107
2091	2231	2341	2126
556	487	395	544	652	400
559	388	567	483
1074	1861	1029	1084	1465
2611	2142	2189
1076	1842	1551	1243	1467	934
1589	980	1520	1198	1330	1867	953
567	456	370	471	402	374	451	483	439	388	497	416
58	1912	107
3642	3437	3576	3838	3860	3828	3730
1084	995	1570	1768
2114	2231	2412
1603	1222	1589	1230	1242	1195	934	1431
1095	483	962
3656	3756	3683	3437
73	0	25
1615	1553	1033	1687	1307	1567	1421	1708	908	107
2642	2351	2232	1577	2419	2153	2322	2557
1107	1184	1124	1662
1620	995	1074	1570	1029	1084	1518	913	1835	1056	1184	1707	1125	1390
1109	1275	1052	428
2649	2028	2224
1113	1878	1881
3674	3756	3625	3437	3586	3610
92	330	299	249	196
2142	2189	2347
1122	1349	1427	1878	1844	363
1124	1735	1485	1156	1488	1604	1827	1845
614	438	515	483	395	394
617	592	626	654
1644	980	1272	1867	1717
1132	1600	1361
3697	3938	3586
113	169	203	188	158	119	72
628	647	643
119	323	170	203	269	105	208	248	271	171
1656	1369	951	1561	1726	1687
123	82	55	0
1149	1839	1107	1124	1707	1485	1810
1662	1839	1563	1799	1124	1123	1810
641	428	606	1114	400	930	580
1156	1839	1707	1563	1107	1810	1488
2693	3361	3319
2694	3304	3324
1159	1496	1051
647	634	577	632
1160	1280	1707
1161	1911	1337
3724	3483	3437
2199	2111	2072
1687	1421	1085	1307	1033	1806	1029	900	1708	908	1445
156	85	0	188
3741	3877	3501	3966
158	0	25
1184	1563	1149	1124	1662	1810	1488	1823	1491	1390	1849
1703	1131	917	1244	1699
170	323	188	332	290	0	25	285	3
1707	1184	1735	1563	1107	1799	1124	1662	1123	1823	1456	1902	1491	1280
1198	1644	1242	1431	1488	1736
1199	997	1125	1491
2224	2598	2458	2028	2052	2543
3761	3466	3602
2739	3420	3162	3068
1720	1764	1148
1722	1589	1702
1724	1075	1278
3772	3610	3847
188	323	272	119	258	291	274	25	3
1726	1450	1369	2678
194	346	196	266
2243	2221	2458	2125	2096	2054	2598	2062	2518	2199
196	204	249	285	266
1222	980	1589	921	1520	953	1702
1735	1184	1563	1149	1799	1662	1810
203	0	40	82	272	170	211	161	25	331
204	330	194	249	213	346	0	92
208	188	332	291	0	285
1744	1114	483	1300	1778	606	1882	641
1745	1496	1830
213	40	285	236	224
3800	3488	3611	3586	3542	3604	3730	3635	3527	3943	3448	3512
1247	914	1575
224	236	271	25	291	232	40	188	141	276
1761	1599	1559	1135	1026	993	1529	1731
1250	1199	1491
1763	1844	1870	1695
1258	944	1011	1584	1338	1536
2283	2642	1577	2598	2224
1772	1557	1420
1265	1269	1513	1182	1811
1267	1199	997	1125	1491	980
3829	3758	3534
1272	1589	1222	921	1603	1585	1431
3321	3344	3296
1786	942	483	1261
252	134	82
2813	3020	2760
1277	1426	919
1278	1075	1054
1791	1101	1721	1431	1823	1056	1707	1491	1839	1280	1620
1281	1373	1429
1794	1223	1699	1818	1807
3845	3838	3902	3966	3437	3471
266	249	204	92
3340	3020	3222
269	0	81	58
1294	915	1425
272	213	85	320	346	0	156	25	72
1296	1529	1275	1385	1109
3345	3344	3321
1297	1387	1486
274	85	0	170
2322	2557	2612	2610	2656
1811	1056	1800
1300	376	1313	1095
2325	1964	2637	2322	2642	2419	2031
1814	1599	968
2844	3395	3034
2336	2445	2102	2042
2849	3291	3049
291	272	332	213	10	158	113	232	25	271	72
2344	1912	1948	2199
1322	1019	1573
2347	1947	2384	2344	2250	2224	1577	2543	2042
2863	2781	3349
2351	2026	2233	2153
1839	1184	1735	1107	1563	1124	1707	1810	1488	1823	1835	1491	1125
1329	1076	1791
1842	1101	1329	1791
1333	1784	1798	1371
1344	1861	1620	1431	1800
2371	2126	1960
1861	1620	1029	1768
1349	976	1878
330	266	196
1867	1659	1198	1222	1557	1717	1238	1881
332	323	119	203	213	271	0	158	10	25	224	77
2384	2344	1912	2399	2415	1947	2111	1577	2250	2543	2224	2597
2385	2149	2215
1875	989	1751
1877	1600	1819
1366	1131	1703
2390	1959	2434	2479	2384	2344
1882	1565	1763	641	606
1374	641	930	107
1377	1885	1076
3938	3586	3877	3677	3800	3731	3488	3576	3578	3741	3605	3860	3642	3966	3828	3527
1891	980	1272	1589	1659	1222	921	1717	978	993
1894	1751	1128	1595	1828	941	1392
1387	1486	171
2412	2341	2587	2455	1912
3437	3828	3966	3573	3731	3800	3860	3488	3574	3707	3586	3603	3730	3528	3926	3938	3578	3452	3780	3832	3526	3857	3861	3492	3914	3566	3741	3959	3699	3904	3723	3512	3608	3740	3610	3719
367	359	553	422	525	490	474	491
2421	2017	2437
374	456	525	438	614	451	483	523	569	488	419	348
1399	1255	1659	1517
1912	2243	1985	2096	2642	2610	2341	2062	1989	428	1947	2111	2091	2114	2587	2639	2316	2017	2390	2421	1996	2209
378	376	456	553	414	614	515	434	483	374	394	367
3452	3611	3488	3966	3603
3966	3488	3860	3573	3731	3902	3611	3604	3542	3485
1922	2412	2587	1912
1410	1687	1421
900	1615	908
3460	3786	3881
388	450	497	370	483
3466	3680	3668
1420	1290	1557	1867
3469	3825	3634	3945	3604
398	479	394	456	497	512	493
400	388	428	395	544	606
915	641	1549	606
1941	2026	2567
917	1725	1052	1371
1944	2031	1964	2325
2458	2283	2125	2399	1912	2183	1577	2062	2518
1947	1939	2274	2555	1941	2390	2344	2052
2973	3344	3321	3386	3345
925	1600	1819	1877	1653	1132	1312	1554
414	376	553	370	496	614	567	374	395	544	628	671	649
3487	3723	3437	3530
930	1801	1549	1113	1625	107
420	553	567	483	439	374	451	569	107
423	428	392
1959	2451	2434	1947	2384	2344	1912	2042
1450	1656	1171	1561
428	1114	1574	1408	460	558	512	915	514	594	1545	395	553
1453	914	1575
942	1894	483
2479	2451	2434	1959
1460	1074	1570	1029	1768
2996	2848	3117
438	456	460	414	370	553	511	402	483	395	523	373	488	394
953	1520	1330	1722	1029	1331
445	493	398	388	400
3518	3832	3578	3838	3605	3800	3437
1475	1277	1426
451	553	439	569	395
3527	3611	3528	3838	3966	3437
456	460	553	370	545	395	494	479	439	497	419
1485	1735	1799
3535	3524	3437
1491	1125	1823	1849	1532
980	1272	1230	1520	1195	1290	1557	934	1026	1603	1431
469	370	553
3542	3527	3635	3518	3707	3488	3902	3437
2518	2598	2642	2283	2125	2096
1496	1121	1296	1545
478	496	508
479	394	512
995	1861	1074	1570	1460	1553	1768	1488	1517
1511	1806	1698	951	1615	1307	1656	1687
487	439	400
488	394	378	395	496	391
1513	1269	1075
1003	1484	1639	1779	1835	1707
2029	2298	2642	2062
496	456	553	438	378	434	483	374	508
497	400	483	428	559	370	416	392	555
1011	977	944
3573	3838	3452	3526
3574	3731	3576	3642	3611	3635	3877
502	548	367
3576	3838	3488	3966	3437	3573	3828	3800	3902	3926	3611	3452	3528
1528	1746	1835	1056	1791
2557	2419	2325	2610
