0	258	169	72	188	213	105	82	141	55	119	291	276	257	69	285	194	346	113	10	3	330	295	266	347	196	171	250	271	236	173	206	224	207	120	58
1025	1332	107
514	541	400	420	395	374	475	391	471
2052	2461	2384	2347	2250	2543
1029	995	1084	1768	484	1171
525	545	438	515	456	567	395	439	419
2062	2224	2125	2283	2652	2096	2242
1551	1842	1791	1101	1329
3602	3466	3524
3603	3828	3838	3756
3604	3527	3635	3518	3542	3902	3731	3860	3576	3578	3605	3437	3845	3555
3605	3730	3800	3838	3528	3576	3860	3574	3828	3611	3437	3707	3670
1559	1389	1135
24	299	194	266	92	0	57
3611	3604	3930	3518	3902	3542	3488	3838	3731	3573	3578	3845	3437
542	400	445
1054	1819	1724	1861	1128	1344	1529	1827	1761
1567	1421	1687	1511	1698	1518	908
544	395	523	419	378	525	553	483	402	460	451	374	514	508	428	497	604
1570	1074	1861	1029	1344	1553	1621	1554	1359	1563
548	438	525	474	367	490	355
38	0	141	332
40	272	158	257	77	274	0	113	232	332	258	72
2091	2231	2126	2341
556	652	487	395	400	544
2610	2400	2355	2289	2174	2419	2612
1074	1861	1084	1029	1465
2611	2142	2189
2612	2325	2289
1589	1867	1330	980	1520	1198	953
55	203	170
58	107	1912
3642	3576	3828	3860	3838	3437	3730
1084	995	1570	1768
1085	1567	1421	1511	1193	1410	1518	3756	107
62	141	276	323	170	0	224
2111	2054	2390	1947	1959	2072	2438	2243	2279	2344
63	0	271
1600	1554	1653	1750
1095	483	962
3656	3756	3683	3437
73	0	25
2634	2421	1912
1615	1307	1567	1033	1421	1553	1687	1708	908	107
2642	2351	2232	1577	2419	2153	2322	2557
1107	1184	1124	1662
1620	1074	1570	995	1084	1029	913	1518	1835	1184	1056	1707	1390	1125
85	188	170	258	0	271
3674	3756	3625	3610	3586	3437
2652	2243	2458	1912
92	330	299	249	196
604	423	428	395
3677	1085	3501	3586	3697	3656	3800
3683	3877	3756
617	592	626	654
105	272	257	25
1645	1113	930
1135	1389	913
3697	3938	3586
628	647	643
2677	3020	1171
119	208	203	323	170	105	171	248	269	271
634	646	587
1149	1810	1839	1124	1485	1707	1107
1661	933	1894	1828
641	428	606	1114	400	930	580
1156	1810	1839	1563	1707	1107	1488
2693	3361	3319
1159	1496	1051
647	634	577	632
1160	1280	1707
1161	1337	1911
3724	3483	3437
1678	1726	1561	1450	1819
654	605	592	626
3222	2678	2760	1726
1687	1421	1307	1033	1085	1806	1708	900	1445	908	1029
3741	3501	3966	3877
1184	1810	1149	1563	1124	1662	1488	1491	1823	1390	1849
1189	949	1553	1311
1702	1911	1161	1656
168	129	339
3756	3492	3448	3586	3576	3605	3800	3437
2221	2652	2438	2062	1912
1198	1644	1242	1431	1488	1736
2224	2598	2458	2028	2543	2052
3761	3466	3602
2739	3162	3068	3420
1720	1764	1148
3772	3610	3847
188	272	119	323	274	291	258	3	25
1726	1450	2678	1369
194	346	266	196
196	204	249	266	285
3781	3946	3437
2250	2224	1577	2543	2461
203	211	82	40	272	161	170	0	331	25
1230	1352	1589	1867	1222	953	1431
1744	1114	1778	483	1300	606	1882	641
1745	1830	1496
224	236	271	25	232	40	141	188	291	276
1763	1695	1870	1844
2279	2399	2169	2347	2224
1768	1620	1570	1074	1054	1800	1329	1431	1553	1791	1811
232	0	285	158
1258	944	1011	1584	1338	1536
2283	2642	2598	1577	2224
1772	1557	1420
3823	3535	3437
1265	1182	1269	1513	1811
1267	1199	1125	997	1491	980
3828	3574	3966	3604	3448	3707	3756
3829	3758	3534
248	291	169	158	0	323	332	38
3321	3344	3296
1786	942	483	1261
2298	2605	2480
1277	1426	919
254	249	194	330	266	204	196	0	101
3838	3966	3542	3578	3800	3604	3828	3926	3938	3437	3452	3528	3943	3448	3471
1791	1721	1101	1431	1823	1056	1839	1491	1707	1620	1280
258	272	156	295	291
1794	1223	1699	1818	1807
3845	3902	3838	3966	3437	3471
3847	3610	3660
1799	1149	1184	1839	1124	1156	1107	1123	1431	1520
1800	1130	1791	1329
266	204	249	92
3340	3020	3222
272	213	320	85	156	0	346	72	25
1296	1385	1275	1109	1529
1810	1799	1563	1707	1124	1107	1488
2322	2557	2656	2610	2612
1811	1056	1800
276	232	25
3860	3488	3838	3576	3611	3828	3518	3528	3448
3861	3496	3454
2325	2637	1964	2322	2419	2642	2031
1303	919	1277	1426
1307	1567	1553	1806	1085	900	908	107
2844	3395	3034
288	0	25
1826	1083	1380	1665
290	188	0	25
291	158	332	272	213	10	232	113	25	72	271
2341	1922	2231	2455	2456
2344	1948	1912	2199
1835	925	1823	1160	1791	1184	1262	1390
2863	2781	3349
1329	1791	1076
1842	1101	1329	1791
308	22	213	203	0
2870	2934	3009
3386	3321	3345	3344
320	159	346	0
1344	1620	1431	1861	1800
2371	2126	1960
1349	976	1878
2374	2233	1985
1867	1557	1659	1238	1222	1198	1717	1881
1870	948	1882	1565
2896	2864	2925
2384	2344	2415	2399	1912	2111	1577	2250	1947	2224	2597	2543
2385	2215	2149
1877	1819	1600
3926	3611	3604	3527	3902	3542	3731	3934	3966	3605	3800
2390	1959	2479	2434	2384	2344
1366	1131	1703
1369	1460	1301
3930	3492	3471	3573	3642	3542	3860	3838	3576	3437
1371	1798	1784
2399	1912	2347	2283	2344	2052	2111	2250	1947
1377	1885	1076
3938	3877	3586	3488	3677	3731	3860	3576	3966	3800	3642	3741	3828	3578	3605	3527
3943	3501	3938	3677
2412	2587	2455	2341	1912
2925	2864	3195
1902	1026	1839	1823	1791	1160	1835	1456	1056	1280
367	359	490	422	474	525	553	491
1399	1659	1255	1517
1922	2587	2412	1912
900	1615	908
3460	3881	3786
392	428	460	556	514	487
394	511	515	414	544	512
908	1033	107
1421	1307	908	107
3469	3634	3945	3825	3604
913	1052	1408	1807
1941	2026	2567
3480	3938	3799	3677
2456	2541	1912
1944	2031	2325	1964
2458	2283	2125	2399	1912	1577	2062	2518	2183
1947	1939	2555	2274	2390	1941	2052	2344
2973	3321	3344	3386	3345
2461	2384	2399	2224	1577	2543
414	614	496	553	376	370	374	628	567	395	544	671	649
930	1549	1801	1625	1113	107
420	451	569	483	553	374	567	439	107
422	414	438	545	474	402	460	359	395
934	1589	921	1431	1243	1827	1026	993
423	428	392
1450	1656	1561	1171
3501	3938	3800
942	1894	483
2479	2451	2434	1959
944	977	1338
947	1135	1761	1717
1460	1074	1570	1768	1029
950	908	1687	107
439	544	376	553	471	374	514
1465	2399	1577	1171	908	107
953	1330	1722	1520	1029	1331
1467	1800	934	1371
3518	3832	3838	3578	3605	3800	3437
961	1087	1301
1473	1786	1343	1818
1475	1277	1426
1989	2611	2142
3527	3611	3528	3838	3966	3437
456	545	494	553	479	460	370	497	439	395	419
1485	1735	1799
3535	3524	3437
1491	1125	1823	1849	1532
2518	2598	2642	2125	2283	2096
471	378	451	553	420	395	419	475	348
1496	1121	1296	1545
474	481	359
3036	3304	2925
478	496	508
479	512	394
995	1074	1570	1861	1460	1553	1768	1488	1517
2531	2355	2400	2610
487	400	439
1511	1806	1698	951	1307	1615	1656	1687
490	502	434	376	523	475
1003	1639	1484	1779	1835	1707
493	400	388	497
3566	3723	3487
494	398	497
1011	977	944
3574	3731	3576	3642	3611	3877	3635
502	548	367
1529	1052	1574	1385	1778
2557	2419	2610	2325
