85	0	258	271	170
2371	2126	1960
2458	2125	1577	2062	2518	1912	2399	2283
1349	1878	976
224	291	271	236	188	141	40	25
647	577	632	634
900	908	1615
1033	1806	1511	951	1567	1307	107
332	0	323	77	25	10	271	224	213	203	158	119
2434	2451	2279
3866	3468	3782
1337	1911	1702
1964	2371	2317	2126	1960
908	107	1033
1149	1107	1485	1839	1810	1124	1707
1839	1810	1124	1107	1488	1184	1707	1563
1410	1687	1421
3810	3782	3468	3786
171	58	1549	1486	1171
1835	925
2102	2598	2042	2642
1242	1589	980	1867	1644	1659
1656	1561	1369	1726	951	1687
456	545	460	479	553	494	439	419	395	370
3487	3437	3723	3530
502	548	367
2612	2325	2289
1744	483	1300	1882	1114	1778	641	606
604	428	423	395
3574	3642	3635	3611	3576	3877	3731
1554	1877	1819	1132
1460	1768	1029	1570
1620	1570	1518	913	995	1029
1531	1443	917
3741	3501	3966	3877
3586	3501	3480	3930	862
2390	1959	2434	2384	2344
1171	1074	995	1387
1577	2062	2052	2598	2351	1074	1029	2224
1799	1839	1184	1156	1149	1124	1123	1107
488	394	378	395	496
2760	2678	3432
395	567	511	545	497	419	376	370
2126	1960	2317
1344	1620	1431	1800
2925	2864	3195
414	496	395	376	370	374	614	671	649	628	544	567	553
3340	3222	3020
2279	2399	2347	2224	2169
2125	2283	2224	2399	1577	2028	2649	2642
7	168	339	129
3782	3763	3931	3468	3945
2412	1912	2455	2341	2587
1222	953	1589	1520	921	1702	980
1075	1054	1407	1344
2374	1985	2233
394	544	515	511	512	414
3838	3966	3943	3938	3926	3542	3800	3448	3604	3578	3528	3452	3437
3800	3542	3488	3448	3512	3943	3730	3635	3611	3604	3586	3527
1877	1819	1600
402	545	451	395
24	0	92	299	266	194
1366	1131	1703
1132	1600
1528	1746
950	1687	107	908
483	395	962	419	416	414	1300	1313	553	525
2694	3324	3304
2813	3020	2760
3877	3838	3731	3605	3578	3576	3573	3501	3488	3437	3966	3943
484	1620	428	423	913	953	1408	1357
1615	107	1567	1708	1033	908	1687	1553	1421	1307
1300	1313	1095	376
3772	3847	3610
1745	1496	1830
1791	1431	1101	1721
3117	3022	3431
2042	2250	2111
2199	2111	2072
1387	171	1486
2870	2934	3009
3321	3344	3296
1322	1019
2598	2458	2399	2062	1465	2642
995	1074	1570	1460	1861	1553	1768
400	388	395	428	606	544
2479	2451	2434	1959
1247	914	1575
1959	2434	2344	2042	1947	1912	2384	2451
1475	1426	1277
1912	428	2096	2091	2062	2017	2642	2639	2610	2587	1996	1989	1985	1947	2209	2421	2390	2341	2316	2243	2111	2114
1184	1810	1149	1124	1662	1563	1488
654	605
1561	1369	107
1250	1199	1491
515	553	496	483	460	414	402	395	374	545	376	471	434
1726	1450
1703	1131	917
2461	2543	2399	2384	2224	1577
2243	2458	2199	2518	2221	2062	2054	2096	2598
3501	3938	3800
2029	2298	2062
252	134	82
3576	3437	3926	3452	3902	3838	3828	3800	3611	3573	3528
1661	933
1198	1431	1242	1644
1513	1075
3404	2675	3264
2062	2283	2242	2125	2096	2652	2224
3496	3817	3677	3437	3722	3487
1870	1565	1882
1213	1725	1469	1259
2232	2189	1912	2455	2445
3656	3683	3437	3756
1161	1337	1911
3761	3602	3466
1281	1429	1373
1881	1356	1222
558	423	604	543
370	471	559	544	525	483	460	439	420	419	451	378	374	515
158	25	0
1230	1589	1431	953	1352	1222	1867
2231	1912	2497
3677	3800	3697	3656	3586	1085	3501
2385	2215	2149
3222	1726	2760	2678
1589	1330	980	953	1867	1198	1520
1123	1485	1839	1488	1156	1107	1735
1574	1549	1114	1744	1408	1385	1357	1778	484
2849	3291	3049
1718	2133	1513
434	478	523	488	456	414	349
1720	1764
1182	1269	1718	920
1724	1278	1075
323	10	274	271	290	141	85	25	308	258	0
617	626	592
123	82	55	0
2114	2231	2412
2250	2543	2461	2224	1577
2298	2480	2605
2649	2224	2028
272	156	85	320	0	346	72	213	25
3625	3677	3756	3656
977	1258	1338
3345	3344	3321
1294	915
474	359	481
1485	1799	1735
1778	1549	484	428	1114
266	204	249
1203	1307	908
1806	951	1085	1698	1702	1656	1615	1567	1445
62	323	276	224	170	141	0
1722	1589	1702
1195	1891	921	1520
1159	1496
1085	1193	1567	1518	1511	1421	1410	3756
1135	913	1389
934	921	1589	1431	1243
1473	1343
1330	1431	1222	1722	1603
213	285	224	40
1563	1149	1124	1107	1799	1485
1894	1751
3674	3756	3625	3586	3437
1520	1272	1717	1603	1431	921	1659	1330
523	545	422	439	456	402	496	395	370	460
2341	2231	1922	2456	2455
1511	1307	1806	951	1698	1687	1615
1189	949	1553
1011	977	944
388	370	497
1465	107	1171	2399	908	1577
1867	1717	1557	1659	1238	1198
376	614	402	1313	567	544	525	523	496	488	483	471	456	438	434	394	374	370	419	420	460	1095
1861	1768	1029	1620
1199	1491	997	1125
525	419	567	545	515	456	439	438	395
254	204	330	266	249	196	194	0
392	556	428	487	460	514
308	22	0	213	203
1421	908	107
1811	1800	1056
40	0	77	72	113	332	158	232	258	274	257
1107	1124	1662	1184
232	0	285	158
1374	930	107	641
3460	3881	3786
2289	2557	2419	2322	2325	2260	2642	2153
3437	3966	3959	3938	3926	3914	3528	3904	3861	3860	3857	3832	3828	3800	3780	3741	3740	3731	3730	3723	3719	3707	3488	3699	3610	3608	3603	3586	3578	3574	3573	3566	3526	3492	3452
72	3	232
1391	1135	1761
1303	1277	919	1426
542	445	400
3604	3731	3635	3605	3578	3576	3555	3542	3527	3437	3902	3518	3860	3845
930	1625	1549	107	1113
2344	1912	2199	1948
290	188	25	0
141	40	257	276	291	72	25	272	271	258
1645	930	1113
236	314	272	257	248	276	169	141	105	69	62
3828	3756	3707	3604	3574	3448
291	272	271	72	158	213	113	332	25	10
1547	1132	925	1600	1554
1318	606
2652	1912	2458	2243
196	266	204	285
3938	3586	3578	3576	3527	3488	3877	3860	3828	3741	3731	3677	3642	3605
3469	3634	3604	3945	3825
168	129
288	0
423	392	428
2054	2199	2072	2280
2221	2652	1912	2062	2438
1559	1135	1389
1625	641	915	1294	107
913	1408	1807	1052
274	170	0	85
3386	3345	3344	3321
3756	3586	3576	3492	3437	3605
3611	3845	3838	3731	3604	3578	3573	3518	3488	3437	3542	3902
1265	1269	1811	1182	1513
961	1087
487	400	439
1314	963	606	1548	1118
3488	3604	3573	3527	3518	3731	3930	3926	3902	3605	3845	3838	3707
2634	2421	1912
2557	2610	2325
1095	483	962
451	553	439	395	569
55	170	203
2336	2042	2445	2102
1329	1791	1076
471	553	420	378	395	419	451
1736	1902
3573	3452	3838	3526
2384	2415	2399	2344	2250	2224	2111	1577	2597	2543	1947	1912
1357	1114	1778
3697	3938	3586
1659	980	1255	1222	1644
944	977	1338
917	1725	1371
1989	2142	2611
1761	1559	1529	1135	1599
169	40	10	332	291
3926	3800	3731	3611	3605	3604	3542	3527	3966	3902	3934
3845	3838	3966	3902	3471	3437
208	291	0	332	285	188
976	1122	1878
330	266
2283	2642	2598	2224	1577
3635	3437	3605	3926	3838	3832	3730	3611	3518
82	170	169	158	119	314
1826	1380	1083
3528	3611	3604	3542	3488	3926	3707	3800
2111	2390	2344	2279	2243	2072	2054	1959	1947	2438
271	113	236	82	72	25	272	290	276	232	203	314	188	169
1698	1307	1553	900	1033	1687	1615
2611	2142	2189
438	553	402	483	488	460	456	414	523	395	394	373	370	511
497	400	483	428	392	370	416	559
2844	3395	3034
1738	917	1807
556	652	544	487	400	395
1882	1763	1565	641	606
1074	1861	1084	1029
3642	3437	3860	3838	3828	3730	3576
947	1135	1761	1717
3542	3707	3635	3518	3488	3527	3437	3902
1109	1275	428	1052
1810	1124	1107	1799	1707	1563	1488
146	0	285	119
119	271	208	203	269	171	170	105	323
1429	917
2973	3386	3345	3344	3321
1369	1460	1301
3847	3660	3610
1553	1861	900	1806	1085	1074	1029	1620	1511
3022	3033	3426
479	512	394
490	523	376	434
1399	1517	1255
2347	2344	2250	2224	1577	2042	2543	1947
1662	1810	1124	1123	1799	1563
1837	1319
2456	1912
1717	1344	1242	1222	1603	1678	1659	1589	980	953
0	206	213	58	257	276	295	347	346	330	291	271	266	258	250	207	82	72	69	194	173	171	169	141	119	105	3	10	196	55	113	224	120	188
1735	1662	1563	1810	1184	1149	1799
1584	1539	1130	1800
3471	3437	3966	3902
248	158	169	38	323	291	332
2693	3361	3319
349	508	478
3603	3828	3838
3780	3966	3741	3877
1922	1912	2587	2412
194	196	346	266
511	488	525	376	456
25	3	169	69	232	119	113	72	40	236
3602	3524	3466
1371	1784	1798
1029	1171	995	1768	484
1156	1563	1488	1707	1839	1810	1107
73	0	25
3730	3926	3707	3578	3542	3528	3518	3488
545	553	511	460	374	376
2543	2597	1912	1718	1577
1941	2567	2026
2224	2052	2028	2598	2543	2458
1549	1297	1294	107	1109	641	1625	428	1408	1387	1338
614	515	483	438	395	394
942	1894	483
3829	3534
1408	1807	1114	1052
1954	2659	1947
3930	3860	3642	3838	3576	3573	3542	3492	3471	3437
428	460	1114	1574	1545	395	1408	594	558	553	514	915	512
3605	3860	3838	3828	3800	3730	3707	3611	3576	3574	3528	3437
1278	1075	1054
1258	944	1584	1338	1011
2739	3068	3420	3162
1333	1371	1798	1784
1711	1110	107
1878	1645	930
1003	1779	1639	1484
2642	2153	1577	2557	2232	2419	2351	2322
1114	1882	484
2610	2289	2174	2612	2419	2400	2355
63	271	0
1160	1280
544	460	451	428	402	497	374	523	378	604	508	553	525	514
3943	3677	3501	3938
1828	1019	917	1529
1567	1518	1511	1421	908	1698	1687
915	606	1549
1529	1778	1052	1574	1385
1467	1800	934
1450	1656	1171	1561
3480	3799	3677	3938
494	497	398
1687	908	900	1806	1708	1085	1033	1029	1445	1421	1307
1420	1557	1290	1867
1891	1272	1222	1717	1659	921	1589
1603	1431	1242	1230	1222	1195	934	1589
925	1312	1877	1819	1132	1653	1600	1554
2643	2224	2125
170	323	290	285	188	3	0	25
1768	1074	1620	1570	1431	1054	1553	1811	1800	1791
2322	2656	2557	2612	2610
1025	1332	107
1844	1025	1427	1349	1878
1702	1911	1161	1656
2455	1922	1912
2280	2199	2243	2072
3989	3991	594
469	553	370
113	169	203	119	158	72
359	531	530	491
1794	1223	1699
1277	1426	919
3724	3483	3437
951	1687	1641
921	980	1589	1431	1230
2142	2347	2189
374	456	614	488	569	525	523	483	451	438	419
514	420	400	541
634	587	646
1763	1870	1844	1695
3832	3730	3528
1902	1026
1551	1101	1842	1329	1791
285	25	221	203	332	323	272	271	188	119	113
1807	1052
953	1029	1520	1330	1722
1125	997
3452	3611	3603	3488	3966
493	388
159	0	272
3527	3528	3437	3966	3611
606	428	963
1377	1885
3448	3586	3471	3437	3966	3930	3845	3642
378	483	414	614	394	553	515	434	376	374	367
2091	2341	2231	2126
1297	1486	1387
1238	1420	1772
3561	3604	3469	3825
3506	3896	3620	3558
567	483	451	439	416	402	497	388	370	374
2996	3117	2848
3924	3719	3437
445	400	398	493	388
276	25	232
1786	942
1428	949	1189
3823	3535	3437
3860	3611	3576	3528	3518	3488	3448	3838	3828
3902	3573	3527	3518	3452	3437	3934	3930	3860	3838
628	647
188	291	274	258	119	272	3	25	323
1565	1844	1763
3466	3680	3668
3966	3902	3860	3731	3611	3604	3573	3542	3488	3485
2896	2925	2864
1644	1867	980	1717
1772	1557	1420
1272	1603	1589	1585	1431	1222	921
548	525	490	474	438	367
221	0
1573	1373
3781	3437	3946
3518	3605	3578	3437	3832	3800	3838
1162	1814
398	497	479	512	394	456
1947	2555	1941	1939	2390	2344	2274	2052
1113	1878
569	553	471
1084	1570	995	1768
553	567	523	488	460	455	402	395	376	374	370	614
478	508	496
1427	1878	1303	1660	1349
1431	1222	1867	1800	1717	1589	1585	953	1329	1195
156	0	85
496	378	374	438	553	508	483	456	434
1491	1125
2531	2610	2400	2355
1054	1344	1861	1819	1128	1724	1529
2979	2813	3340
1267	997	1199	1125	1491
58	1912	107
38	332
2518	2283	2125	2642	2598	2096
203	82	0	272	40	25	331	211	170	161
2351	2026	2153	2233
269	81	0	58
3566	3723	3487
204	194	213	92	249	330	0
1124	1735	1485	1156	1488
450	481
258	295	291	156
1725	1469
3535	3524	3437
2863	3349	2781
3	274	85	323
3861	3496	3454
980	934	1026	1603	1230	1557	1520	1431	1290	1272	1195
559	567	483	388
1814	968
1800	1329	1791	1130
2421	2437	2017
1056	1160	1029
1707	1184	1123	1107	1735	1124	1563	1799
439	374	471	514	553	544	376
3683	3756	3877
419	540	452	567	488	487	400	428
2677	3020	1171
1600	1750	1653	1554
420	107	439	569	567	483	451	553	374
346	24	330	266	254	249	196
3578	3860	3828	3683
460	395	374	567	402	558
320	159	0	346
2052	2461	2250	2384	2347	2543
641	428	606	400	930	1114
1307	1567	1553	908	900	1806	1085	107
1875	989	1751
1678	1450	1819	1726
1488	1107	1707	1662
1496	1296
1944	1964	2325	2031
1842	1791	1101	1329
2399	2283	2250	2111	1947	1912	2347	2344	2052
92	330	299	249	196
3731	3642	3635	3902	3860	3800	3730	3605	3576
422	460	438	414	402	395	359	545	474
105	272	257	25
481	422	367	359
2325	1964	2322	2031	2642	2637	2419
107	1486	1678	1387	1344	1203	1135	1761	1726	1687	641	1567
1570	1344	1029	1074	1861	1553
1453	914
1296	1275	1109	1529	1385
1122	1844	1878	1427	1349
249	299	194	213	0	330	24
257	272	258	295	169	25
3036	3304
3707	3576	3838	3731	3527	3518
367	553	525	490	474	422	359
3533	3877	3501
1076	1243	1842	934	1551	1467
