156	0	188
1429	917	1032
85	0	188
1794	1223	1818
1794	1223	1807
1431	1222	1242
1431	1222	1163
1431	1222	1331
3576	3437	3488
3576	3437	3966
330	266	196
1870	1565	948
1678	1450	1561
1427	1878	1763
1768	1074	1329
641	428	580
617	626	654
113	169	188
3730	3926	3604
1003	1779	1835
1003	1779	1707
1662	1810	1839
248	158	0
266	204	92
2456	1912	2541
2243	2458	2125
1160	1280	1707
1056	1160	1280
915	606	641
1528	1746	1835
1528	1746	1791
1528	1746	1056
40	0	272
2125	2283	2598
917	1725	1052
1085	1193	107
1738	917	1531
1322	1019	1573
567	483	471
567	483	456
1513	1075	1269
170	323	332
1570	1344	1359
1570	1344	1554
1570	1344	1621
1570	1344	1563
2557	2610	2419
119	271	248
3611	3845	3930
1902	1026	1823
1902	1026	1056
1902	1026	1280
1902	1026	1839
1902	1026	1835
1902	1026	1160
1902	1026	1791
1902	1026	1456
1238	1420	1330
271	113	170
271	113	40
3838	3966	3828
3838	3966	3471
1736	1902	1827
1736	1902	1772
1736	1902	1416
1736	1902	1124
3437	3966	3512
1491	1125	1849
1491	1125	1823
1491	1125	1532
921	980	1823
921	980	1835
921	980	1603
921	980	1390
2543	2597	1985
1725	1469	1667
1577	2062	107
1720	1764	1148
450	481	497
1357	1114	1487
107	1486	947
107	1486	1717
107	1486	1553
1122	1844	363
1198	1431	1488
1198	1431	1736
3528	3611	3518
370	471	402
1726	1450	2678
1726	1450	1369
1584	1539	1467
1584	1539	1427
1391	1135	1789
1814	968	1599
545	553	544
1399	1517	1659
3731	3642	3578
224	291	276
224	291	232
488	394	391
1467	1800	1371
1839	1810	1125
1839	1810	1735
1839	1810	1823
1839	1810	1835
1839	1810	1491
456	545	497
38	332	0
38	332	141
548	525	355
1124	1735	1604
1124	1735	1845
1124	1735	1827
953	1029	1331
2390	1959	2479
258	295	272
1258	944	1536
398	497	493
1620	1570	1390
1620	1570	1084
1620	1570	1184
1620	1570	1835
1620	1570	1125
1620	1570	1707
1620	1570	1074
1620	1570	1056
402	545	508
402	545	475
402	545	374
402	545	348
402	545	514
1826	1380	1665
961	1087	1301
1835	925	1823
1835	925	1184
1835	925	1160
1835	925	1791
1835	925	1390
1835	925	1262
1132	1600	1361
