3756	3586	3800
3756	3586	3448
1768	1074	1329
113	169	188
1738	917	1531
204	194	346
378	483	456
617	626	654
258	295	272
628	647	643
1902	1026	1823
1902	1026	1056
1902	1026	1280
1902	1026	1839
1902	1026	1835
1902	1026	1160
1902	1026	1791
1902	1026	1456
1125	997	1849
1125	997	1823
1125	997	1707
1125	997	1184
1125	997	1556
995	1074	1517
995	1074	1488
1399	1517	1659
1198	1431	1488
1198	1431	1736
1162	1814	1901
3527	3528	3838
168	129	339
3437	3966	3512
434	478	580
434	478	497
3731	3642	3578
1725	1469	1667
1894	1751	1128
1894	1751	1595
1894	1751	1392
1894	1751	1828
1894	1751	941
1662	1810	1839
1003	1779	1835
1003	1779	1707
1453	914	1575
291	272	232
1644	1867	1272
1075	1054	1128
2347	2344	2384
1720	1764	1148
1344	1620	1861
3528	3611	3518
2456	1912	2541
1513	1075	1269
1678	1450	1561
1357	1114	1487
25	3	0
3674	3756	3610
171	58	1297
266	204	92
1703	1131	1699
1703	1131	1244
224	291	276
224	291	232
514	420	475
514	420	395
514	420	471
514	420	374
514	420	391
0	206	236
0	206	285
471	553	348
471	553	475
2557	2610	2419
1074	1861	1465
367	553	491
548	525	355
1870	1565	948
38	332	0
38	332	141
1029	1171	1084
1491	1125	1849
1491	1125	1823
1491	1125	1532
374	456	348
24	0	57
493	388	497
493	388	400
170	323	332
1391	1135	1789
1826	1380	1665
544	460	419
544	460	483
544	460	395
1160	1280	1707
1421	908	1307
1814	968	1599
1577	2062	107
1511	1307	1656
1294	915	1425
1707	1184	1902
1707	1184	1280
1707	1184	1456
1707	1184	1823
1707	1184	1662
1707	1184	1491
1807	1052	935
1807	1052	1473
953	1029	1331
1467	1800	1371
1258	944	1536
3838	3966	3828
3838	3966	3471
930	1625	1801
2458	2125	2183
654	605	626
654	605	592
1839	1810	1125
1839	1810	1735
1839	1810	1823
1839	1810	1835
1839	1810	1491
641	428	580
490	523	502
490	523	475
1159	1496	1051
1085	1193	107
254	204	101
