1125	997	1849
1125	997	1823
1125	997	1707
1125	997	1184
1125	997	1556
1162	1814	1901
3829	3534	3758
1391	1135	1789
548	525	355
1554	1877	1563
1554	1877	1250
1554	1877	980
1786	942	1261
1786	942	483
1122	1844	363
1113	1878	1881
1160	1280	1707
3437	3966	3512
1491	1125	1849
1491	1125	1823
1491	1125	1532
266	204	92
1807	1052	935
1807	1052	1473
1344	1620	1861
3838	3966	3828
3838	3966	3471
1357	1114	1487
374	456	348
434	478	580
434	478	497
3938	3586	3966
3938	3586	3800
921	980	1823
921	980	1835
921	980	1603
921	980	1390
1791	1431	1839
1791	1431	1620
1791	1431	1491
1791	1431	1280
1791	1431	1823
1791	1431	1707
1791	1431	1056
915	606	641
3756	3586	3800
3756	3586	3448
545	553	544
2243	2458	2125
248	158	0
544	460	419
544	460	483
544	460	395
213	285	236
1837	1319	1733
85	0	188
1799	1839	1520
1799	1839	1431
1814	968	1599
1835	925	1823
1835	925	1184
1835	925	1160
1835	925	1791
1835	925	1390
1835	925	1262
1132	1600	1361
1644	1867	1272
1678	1450	1561
0	206	236
0	206	285
514	420	475
514	420	395
514	420	471
514	420	374
514	420	391
254	204	101
291	272	232
1891	1272	993
1891	1272	980
1891	1272	978
1839	1810	1125
1839	1810	1735
1839	1810	1823
1839	1810	1835
1839	1810	1491
930	1625	1801
1570	1344	1359
1570	1344	1554
1570	1344	1621
1570	1344	1563
2125	2283	2598
2347	2344	2384
1662	1810	1839
1661	933	1894
1661	933	1828
1703	1131	1699
1703	1131	1244
617	626	654
196	266	249
170	323	332
168	129	339
40	0	272
1322	1019	1573
1467	1800	1371
1768	1074	1329
917	1725	1052
1258	944	1536
24	0	57
523	545	418
961	1087	1301
3605	3860	3670
1707	1184	1902
1707	1184	1280
1707	1184	1456
1707	1184	1823
1707	1184	1662
1707	1184	1491
370	471	402
1736	1902	1827
1736	1902	1772
1736	1902	1416
1736	1902	1124
1511	1307	1656
1726	1450	2678
1726	1450	1369
2390	1959	2479
3603	3828	3756
1085	1193	107
567	483	471
567	483	456
450	481	497
3527	3528	3838
107	1486	947
107	1486	1717
107	1486	1553
1198	1431	1488
1198	1431	1736
934	921	1827
934	921	993
934	921	1026
1189	949	1311
330	266	196
38	332	0
38	332	141
113	169	188
1074	1861	1465
398	497	493
