450	481	497
471	553	348
471	553	475
370	471	402
3828	3756	3966
545	553	544
460	395	514
460	395	348
460	395	560
460	395	475
490	523	502
490	523	475
1162	1814	1901
1725	1469	1667
107	1486	947
107	1486	1717
107	1486	1553
961	1087	1301
85	0	188
2543	2597	1985
24	0	57
3731	3642	3578
171	58	1297
921	980	1823
921	980	1835
921	980	1603
921	980	1390
3528	3611	3518
1238	1420	1330
493	388	497
493	388	400
288	0	25
654	605	626
654	605	592
1085	1193	107
3756	3586	3800
3756	3586	3448
3036	3304	2925
1318	606	930
1738	917	1531
544	460	419
544	460	483
544	460	395
523	545	418
1171	1074	107
1171	1074	1297
1125	997	1849
1125	997	1823
1125	997	1707
1125	997	1184
1125	997	1556
1835	925	1823
1835	925	1184
1835	925	1160
1835	925	1791
1835	925	1390
1835	925	1262
1357	1114	1487
402	545	508
402	545	475
402	545	374
402	545	348
402	545	514
1807	1052	935
1807	1052	1473
248	158	0
1837	1319	1733
1584	1539	1467
1584	1539	1427
2456	1912	2541
3730	3926	3604
1429	917	1032
2125	2283	2598
254	204	101
1736	1902	1827
1736	1902	1772
1736	1902	1416
1736	1902	1124
1189	949	1311
1870	1565	948
1056	1160	1280
1488	1107	960
1488	1107	1845
258	295	272
1554	1877	1563
1554	1877	1250
1554	1877	980
271	113	170
271	113	40
1431	1222	1242
1431	1222	1163
1431	1222	1331
1520	1272	1891
1520	1272	1173
1520	1272	1391
3611	3845	3930
1391	1135	1789
221	0	25
1902	1026	1823
1902	1026	1056
1902	1026	1280
1902	1026	1839
1902	1026	1835
1902	1026	1160
1902	1026	1791
1902	1026	1456
1826	1380	1665
168	129	339
1427	1878	1763
0	206	236
0	206	285
1054	1344	1827
1054	1344	1761
434	478	580
434	478	497
1473	1343	1786
1473	1343	1818
3838	3966	3828
3838	3966	3471
1678	1450	1561
934	921	1827
934	921	993
934	921	1026
1799	1839	1520
1799	1839	1431
1421	908	1307
1029	1171	1084
1467	1800	1371
1661	933	1894
1661	933	1828
3605	3860	3670
1075	1054	1128
1768	1074	1329
