1837	1319	1733
85	0	188
471	553	348
471	553	475
398	497	493
1620	1570	1390
1620	1570	1084
1620	1570	1184
1620	1570	1835
1620	1570	1125
1620	1570	1707
1620	1570	1074
1620	1570	1056
196	266	249
3036	3304	2925
523	545	418
617	626	654
2125	2283	2598
248	158	0
204	194	346
1496	1296	1121
1496	1296	1545
2243	2458	2125
1122	1844	363
654	605	626
654	605	592
271	113	170
271	113	40
1703	1131	1699
1703	1131	1244
266	204	92
2458	2125	2183
1839	1810	1125
1839	1810	1735
1839	1810	1823
1839	1810	1835
1839	1810	1491
388	370	483
388	370	450
1491	1125	1849
1491	1125	1823
1491	1125	1532
224	291	276
224	291	232
1132	1600	1361
1399	1517	1659
1835	925	1823
1835	925	1184
1835	925	1160
1835	925	1791
1835	925	1390
1835	925	1262
1258	944	1536
3829	3534	3758
1511	1307	1656
934	921	1827
934	921	993
934	921	1026
24	0	57
1357	1114	1487
1644	1867	1272
450	481	497
1662	1810	1839
1075	1054	1128
3437	3966	3512
1460	1768	1074
3938	3586	3966
3938	3586	3800
291	272	232
1520	1272	1891
1520	1272	1173
1520	1272	1391
1162	1814	1901
1867	1717	1222
1867	1717	1881
254	204	101
1799	1839	1520
1799	1839	1431
1768	1074	1329
1113	1878	1881
460	395	514
460	395	348
460	395	560
460	395	475
1570	1344	1359
1570	1344	1554
1570	1344	1621
1570	1344	1563
3731	3642	3578
1124	1735	1604
1124	1735	1845
1124	1735	1827
1736	1902	1827
1736	1902	1772
1736	1902	1416
1736	1902	1124
1577	2062	107
107	1486	947
107	1486	1717
107	1486	1553
1171	1074	107
1171	1074	1297
3528	3611	3518
1786	942	1261
1786	942	483
1003	1779	1835
1003	1779	1707
488	394	391
3576	3437	3488
3576	3437	3966
1391	1135	1789
490	523	502
490	523	475
1184	1810	1823
1184	1810	1849
1184	1810	1491
1184	1810	1390
1807	1052	935
1807	1052	1473
545	553	544
917	1725	1052
1467	1800	1371
367	553	491
1661	933	1894
1661	933	1828
1554	1877	1563
1554	1877	1250
1554	1877	980
170	323	332
1267	997	980
544	460	419
544	460	483
544	460	395
2029	2298	2642
25	3	0
1738	917	1531
1584	1539	1467
1584	1539	1427
119	271	248
3527	3528	3838
961	1087	1301
