2543	2597	1985
1322	1019	1573
1761	1559	993
1761	1559	1731
1761	1559	1026
1662	1810	1839
330	266	196
271	113	170
271	113	40
1837	1319	1733
1573	1373	1432
1573	1373	1479
1520	1272	1891
1520	1272	1173
1520	1272	1391
1075	1054	1128
221	0	25
1427	1878	1763
1124	1735	1604
1124	1735	1845
1124	1735	1827
1318	606	930
3528	3611	3518
1357	1114	1487
171	58	1297
523	545	418
1577	2062	107
1839	1810	1125
1839	1810	1735
1839	1810	1823
1839	1810	1835
1839	1810	1491
1563	1149	1621
1513	1075	1269
2125	2283	2598
1122	1844	363
434	478	580
434	478	497
25	3	0
497	400	555
1894	1751	1128
1894	1751	1595
1894	1751	1392
1894	1751	1828
1894	1751	941
488	394	391
170	323	332
1488	1107	960
1488	1107	1845
3731	3642	3578
1807	1052	935
1807	1052	1473
204	194	346
1056	1160	1280
374	456	348
1429	917	1032
3437	3966	3512
1238	1420	1330
1644	1867	1272
398	497	493
1703	1131	1699
1703	1131	1244
3730	3926	3604
1113	1878	1881
378	483	456
1132	1600	1361
107	1486	947
107	1486	1717
107	1486	1553
1431	1222	1242
1431	1222	1163
1431	1222	1331
567	483	471
567	483	456
1125	997	1849
1125	997	1823
1125	997	1707
1125	997	1184
1125	997	1556
1736	1902	1827
1736	1902	1772
1736	1902	1416
1736	1902	1124
2029	2298	2642
370	471	402
388	370	483
388	370	450
402	545	508
402	545	475
402	545	374
402	545	348
402	545	514
113	169	188
1162	1814	1901
2243	2458	2125
1528	1746	1835
1528	1746	1791
1528	1746	1056
921	980	1823
921	980	1835
921	980	1603
921	980	1390
460	395	514
460	395	348
460	395	560
460	395	475
1707	1184	1902
1707	1184	1280
1707	1184	1456
1707	1184	1823
1707	1184	1662
1707	1184	1491
1814	968	1599
450	481	497
1171	1074	107
1171	1074	1297
917	1725	1052
1738	917	1531
1584	1539	1467
1584	1539	1427
213	285	236
1391	1135	1789
3576	3437	3488
3576	3437	3966
1453	914	1575
915	606	641
1565	1844	1113
545	553	544
2347	2344	2384
1554	1877	1563
1554	1877	1250
1554	1877	980
1294	915	1425
1891	1272	993
1891	1272	980
1891	1272	978
156	0	188
1725	1469	1667
