3730	3926	3604
1429	917	1032
1460	1768	1074
544	460	419
544	460	483
544	460	395
1726	1450	2678
1726	1450	1369
330	266	196
156	0	188
1453	914	1575
1391	1135	1789
2347	2344	2384
1707	1184	1902
1707	1184	1280
1707	1184	1456
1707	1184	1823
1707	1184	1662
1707	1184	1491
934	921	1827
934	921	993
934	921	1026
1113	1878	1881
1835	925	1823
1835	925	1184
1835	925	1160
1835	925	1791
1835	925	1390
1835	925	1262
2029	2298	2642
1322	1019	1573
471	553	348
471	553	475
1162	1814	1901
378	483	456
1184	1810	1823
1184	1810	1849
1184	1810	1491
1184	1810	1390
1159	1496	1051
1902	1026	1823
1902	1026	1056
1902	1026	1280
1902	1026	1839
1902	1026	1835
1902	1026	1160
1902	1026	1791
1902	1026	1456
1125	997	1849
1125	997	1823
1125	997	1707
1125	997	1184
1125	997	1556
38	332	0
38	332	141
1054	1344	1827
1054	1344	1761
1520	1272	1891
1520	1272	1173
1520	1272	1391
402	545	508
402	545	475
402	545	374
402	545	348
402	545	514
1678	1450	1561
107	1486	947
107	1486	1717
107	1486	1553
0	206	236
0	206	285
1421	908	1307
1431	1222	1242
1431	1222	1163
1431	1222	1331
1837	1319	1733
1720	1764	1148
367	553	491
3838	3966	3828
3838	3966	3471
1584	1539	1467
1584	1539	1427
1294	915	1425
456	545	497
1122	1844	363
1496	1296	1121
1496	1296	1545
1075	1054	1128
2243	2458	2125
1029	1171	1084
488	394	391
1258	944	1536
1703	1131	1699
1703	1131	1244
1124	1735	1604
1124	1735	1845
1124	1735	1827
1528	1746	1835
1528	1746	1791
1528	1746	1056
3674	3756	3610
3036	3304	2925
1198	1431	1488
1198	1431	1736
1894	1751	1128
1894	1751	1595
1894	1751	1392
1894	1751	1828
1894	1751	941
258	295	272
497	400	555
170	323	332
388	370	483
388	370	450
450	481	497
567	483	471
567	483	456
213	285	236
204	194	346
1891	1272	993
1891	1272	980
1891	1272	978
1160	1280	1707
628	647	643
1473	1343	1786
1473	1343	1818
3731	3642	3578
921	980	1823
921	980	1835
921	980	1603
921	980	1390
514	420	475
514	420	395
514	420	471
514	420	374
514	420	391
961	1087	1301
1189	949	1311
254	204	101
370	471	402
1870	1565	948
1799	1839	1520
1799	1839	1431
545	553	544
1644	1867	1272
1661	933	1894
1661	933	1828
1807	1052	935
1807	1052	1473
2390	1959	2479
1427	1878	1763
2125	2283	2598
3605	3860	3670
617	626	654
1725	1469	1667
1839	1810	1125
1839	1810	1735
1839	1810	1823
1839	1810	1835
1839	1810	1491
