1122	1844	363
654	605	626
654	605	592
1791	1431	1839
1791	1431	1620
1791	1431	1491
1791	1431	1280
1791	1431	1823
1791	1431	1707
1791	1431	1056
934	921	1827
934	921	993
934	921	1026
248	158	0
24	0	57
1662	1810	1839
1453	914	1575
2125	2283	2598
1460	1768	1074
1720	1764	1148
1427	1878	1763
1322	1019	1573
1198	1431	1488
1198	1431	1736
258	295	272
330	266	196
196	266	249
213	285	236
456	545	497
523	545	418
1377	1885	1076
953	1029	1331
1258	944	1536
1867	1717	1222
1867	1717	1881
460	395	514
460	395	348
460	395	560
460	395	475
1799	1839	1520
1799	1839	1431
1124	1735	1604
1124	1735	1845
1124	1735	1827
156	0	188
40	0	272
961	1087	1301
1075	1054	1128
3730	3926	3604
1794	1223	1818
1794	1223	1807
1678	1450	1561
1894	1751	1128
1894	1751	1595
1894	1751	1392
1894	1751	1828
1894	1751	941
1318	606	930
1826	1380	1665
170	323	332
1814	968	1599
3838	3966	3828
3838	3966	3471
1431	1222	1242
1431	1222	1163
1431	1222	1331
1357	1114	1487
641	428	580
921	980	1823
921	980	1835
921	980	1603
921	980	1390
221	0	25
1238	1420	1330
1707	1184	1902
1707	1184	1280
1707	1184	1456
1707	1184	1823
1707	1184	1662
1707	1184	1491
1132	1600	1361
1488	1107	960
1488	1107	1845
1467	1800	1371
1344	1620	1861
1399	1517	1659
493	388	497
493	388	400
25	3	0
1391	1135	1789
1807	1052	935
1807	1052	1473
370	471	402
490	523	502
490	523	475
3437	3966	3512
3828	3756	3966
3036	3304	2925
2029	2298	2642
3527	3528	3838
3528	3611	3518
3674	3756	3610
1902	1026	1823
1902	1026	1056
1902	1026	1280
1902	1026	1839
1902	1026	1835
1902	1026	1160
1902	1026	1791
1902	1026	1456
374	456	348
2390	1959	2479
3731	3642	3578
1267	997	980
1736	1902	1827
1736	1902	1772
1736	1902	1416
1736	1902	1124
171	58	1297
1554	1877	1563
1554	1877	1250
1554	1877	980
2543	2597	1985
1473	1343	1786
1473	1343	1818
1421	908	1307
398	497	493
1054	1344	1827
1054	1344	1761
291	272	232
1620	1570	1390
1620	1570	1084
1620	1570	1184
1620	1570	1835
1620	1570	1125
1620	1570	1707
1620	1570	1074
1620	1570	1056
0	206	236
0	206	285
388	370	483
388	370	450
