1113	1878	1881
3756	3586	3800
3756	3586	3448
961	1087	1301
1894	1751	1128
1894	1751	1595
1894	1751	1392
1894	1751	1828
1894	1751	941
113	169	188
1584	1539	1467
1584	1539	1427
1421	908	1307
156	0	188
921	980	1823
921	980	1835
921	980	1603
921	980	1390
1736	1902	1827
1736	1902	1772
1736	1902	1416
1736	1902	1124
1085	1193	107
1460	1768	1074
213	285	236
1431	1222	1242
1431	1222	1163
1431	1222	1331
1726	1450	2678
1726	1450	1369
1132	1600	1361
471	553	348
471	553	475
1662	1810	1839
3605	3860	3670
1171	1074	107
1171	1074	1297
254	204	101
1570	1344	1359
1570	1344	1554
1570	1344	1621
1570	1344	1563
2543	2597	1985
1267	997	980
25	3	0
1794	1223	1818
1794	1223	1807
1565	1844	1113
1322	1019	1573
450	481	497
1488	1107	960
1488	1107	1845
1786	942	1261
1786	942	483
1703	1131	1699
1703	1131	1244
493	388	497
493	388	400
1159	1496	1051
934	921	1827
934	921	993
934	921	1026
1826	1380	1665
1761	1559	993
1761	1559	1731
1761	1559	1026
271	113	170
271	113	40
1258	944	1536
1725	1469	1667
488	394	391
1528	1746	1835
1528	1746	1791
1528	1746	1056
456	545	497
1902	1026	1823
1902	1026	1056
1902	1026	1280
1902	1026	1839
1902	1026	1835
1902	1026	1160
1902	1026	1791
1902	1026	1456
398	497	493
1074	1861	1465
1738	917	1531
1678	1450	1561
330	266	196
224	291	276
224	291	232
367	553	491
119	271	248
1707	1184	1902
1707	1184	1280
1707	1184	1456
1707	1184	1823
1707	1184	1662
1707	1184	1491
171	58	1297
1075	1054	1128
460	395	514
460	395	348
460	395	560
460	395	475
1429	917	1032
1563	1149	1621
1661	933	1894
1661	933	1828
38	332	0
38	332	141
1837	1319	1733
3829	3534	3758
497	400	555
1511	1307	1656
1238	1420	1330
1357	1114	1487
388	370	483
388	370	450
1467	1800	1371
523	545	418
1391	1135	1789
434	478	580
434	478	497
3828	3756	3966
402	545	508
402	545	475
402	545	374
402	545	348
402	545	514
1620	1570	1390
1620	1570	1084
1620	1570	1184
1620	1570	1835
1620	1570	1125
1620	1570	1707
1620	1570	1074
1620	1570	1056
291	272	232
3036	3304	2925
