1357	1114	1487
1720	1764	1148
2125	2283	2598
490	523	502
490	523	475
1678	1450	1561
1488	1107	960
1488	1107	1845
1870	1565	948
370	471	402
1902	1026	1823
1902	1026	1056
1902	1026	1280
1902	1026	1839
1902	1026	1835
1902	1026	1160
1902	1026	1791
1902	1026	1456
544	460	419
544	460	483
544	460	395
934	921	1827
934	921	993
934	921	1026
1726	1450	2678
1726	1450	1369
2347	2344	2384
40	0	272
1258	944	1536
1707	1184	1902
1707	1184	1280
1707	1184	1456
1707	1184	1823
1707	1184	1662
1707	1184	1491
288	0	25
1125	997	1849
1125	997	1823
1125	997	1707
1125	997	1184
1125	997	1556
961	1087	1301
3828	3756	3966
1238	1420	1330
1799	1839	1520
1799	1839	1431
168	129	339
271	113	170
271	113	40
1171	1074	107
1171	1074	1297
2557	2610	2419
378	483	456
3603	3828	3756
170	323	332
1267	997	980
1056	1160	1280
1807	1052	935
1807	1052	1473
1377	1885	1076
113	169	188
488	394	391
1075	1054	1128
1344	1620	1861
1528	1746	1835
1528	1746	1791
1528	1746	1056
3674	3756	3610
1453	914	1575
1054	1344	1827
1054	1344	1761
434	478	580
434	478	497
3731	3642	3578
1867	1717	1222
1867	1717	1881
3838	3966	3828
3838	3966	3471
1294	915	1425
917	1725	1052
1736	1902	1827
1736	1902	1772
1736	1902	1416
1736	1902	1124
1725	1469	1667
3611	3845	3930
24	0	57
995	1074	1517
995	1074	1488
1620	1570	1390
1620	1570	1084
1620	1570	1184
1620	1570	1835
1620	1570	1125
1620	1570	1707
1620	1570	1074
1620	1570	1056
450	481	497
1738	917	1531
1189	949	1311
953	1029	1331
654	605	626
654	605	592
1794	1223	1818
1794	1223	1807
330	266	196
1644	1867	1272
388	370	483
388	370	450
1473	1343	1786
1473	1343	1818
291	272	232
38	332	0
38	332	141
1520	1272	1891
1520	1272	1173
1520	1272	1391
1835	925	1823
1835	925	1184
1835	925	1160
1835	925	1791
1835	925	1390
1835	925	1262
213	285	236
1496	1296	1121
1496	1296	1545
460	395	514
460	395	348
460	395	560
460	395	475
221	0	25
1159	1496	1051
1768	1074	1329
266	204	92
1791	1431	1839
1791	1431	1620
1791	1431	1491
1791	1431	1280
1791	1431	1823
1791	1431	1707
1791	1431	1056
224	291	276
224	291	232
85	0	188
3576	3437	3488
3576	3437	3966
1814	968	1599
471	553	348
471	553	475
402	545	508
402	545	475
402	545	374
402	545	348
402	545	514
1399	1517	1659
1162	1814	1901
3527	3528	3838
1563	1149	1621
3528	3611	3518
